0.000689545
0.000169187
1.01437e-05
3.54899e-05
5.0123e-05
2.91175e-06
5.61523e-07
1.06156e-05
0.00175825
2.34717e-06
2.94854e-06
2.39909e-05
0.000646549
0.000470318
0.00309712
0.00228882
1.06443e-05
0.00254442
7.37439e-05
0.00204537
0.00049165
0.000234452
1.28776e-05
1.61242e-06
2.99153e-05
2.35444e-05
0.000505562
0.000312028
4.21911e-05
0.000625718
2.45145e-05
7.74413e-05
0.000536933
0.000430512
2.07637e-06
1.77228e-05
0.000821449
1.51522e-07
0.00122128
5.69355e-05
0.000837824
2.25249e-06
4.84995e-05
1.09447e-06
1.76958e-05
0.000405929
1.01474e-05
0.000598732
0.00297078
3.04312e-05
3.27718e-05
1.05686e-05
0.00117666
0.00054504
0.00235294
0.00322881
1.06902e-05
0.000542667
1.90144e-05
6.92484e-05
1.0043e-06
0.00184592
9.21054e-06
0.000322206
1.80633e-06
0.000616549
2.89119e-05
0.00135302
0.000292394
0.000413481
0.00119041
1.65547e-05
7.4213e-05
0.000268142
0.00210947
0.000482675
2.80898e-05
0.000784053
0.00116073
0.00155125
0.00163466
0.000797956
4.64607e-05
0.00243518
0.000129186
0.0019007
0.000231833
0.000418776
5.88454e-06
1.62741e-06
0.00241399
0.00366357
2.42294e-06
1.13459e-06
3.73307e-06
0.00208242
6.96042e-05
0.000235496
0.000126971
0.00307385
0.000122196
0.000411465
4.3305e-06
0.000405929
0.000867538
8.96398e-06
8.86339e-05
9.80601e-06
1.06266e-05
0.00190286
0.00126621
0.000156359
0.000697894
0.00248066
1.18226e-05
1.54517e-06
0.00464075
0.0027305
0.00102074
0.000872095
6.28664e-05
0.000310009
0.000404174
9.29523e-06
0.00108229
0.000437521
2.43546e-05
0.000279442
0.00277823
0.000464522
0.00034297
0.000537632
7.52835e-05
0.000306688
2.82368e-06
0.000298837
1.64729e-05
0.00176313
1.52835e-06
0.000274551
0.000910496
2.83804e-05
2.80921e-06
7.51003e-07
7.29203e-05
5.54128e-05
2.02842e-05
0.000149228
0.00101276
9.68976e-08
0.00151796
0.000135457
2.7607e-05
0.000799645
0.000604577
0.000549129
3.87497e-05
4.25282e-05
0.000187047
2.63619e-06
0.000126774
1.41619e-06
2.42892e-05
5.07916e-05
0.0048488
0.000372796
0.000141631
0.000456975
0.00053515
4.58192e-05
2.10821e-05
0.000136115
0.000967817
2.60232e-05
0.00354209
0.00025241
0.00349017
0.000617193
3.49834e-05
0.00416729
9.26837e-05
5.87195e-05
0.000945859
0.000119964
0.00225287
1.30425e-06
0.000218194
0.00106538
3.05203e-06
0.00061424
0.000357432
0.000503564
0.0018225
0.00183846
5.22678e-05
0.000277165
0.00106496
0.000132776
8.05412e-05
0.00141971
3.6461e-06
1.0248e-05
1.88657e-05
0.000183349
1.83605e-05
2.97754e-06
0.00478478
9.34332e-06
0.00167524
0.00079671
0.000261209
1.06328e-06
5.3172e-05
0.000700148
6.45245e-05
0.000236636
0.00115762
0.00121286
3.90555e-05
0.00127142
0.000618654
0.00087395
3.83516e-06
0.000452
0.000114944
0.000963074
1.34714e-05
7.74413e-05
0.00177768
0.000227078
0.000414295
6.07241e-06
4.13516e-05
6.02057e-05
1.21649e-05
3.22917e-05
4.39151e-06
2.65221e-07
1.79448e-05
0.000417852
0.00328182
2.12903e-07
9.35111e-05
5.41235e-05
2.54962e-05
9.1708e-05
0.00167165
0.00429911
0.000563078
0.00218528
0.00070598
3.16142e-05
3.92974e-06
0.000777715
0.00106451
0.00016556
4.36245e-07
0.000197285
0.000953421
0.00105141
0.00099629
0.000312155
0.000289907
6.35383e-06
1.79103e-05
7.43184e-05
0.000235354
0.000293525
0.00315479
3.81398e-05
0.00140713
0.000703342
0.000790274
1.94566e-06
0.00162559
0.000686172
0.00015645
0.000331379
1.07982e-05
0.00105943
0.00127175
3.76964e-05
0.000534896
6.84294e-05
6.39103e-06
6.42903e-05
3.37725e-06
0.00167775
6.64421e-06
1.16622e-05
2.74848e-06
7.64204e-06
9.58937e-07
5.92402e-07
0.000127377
0.000103992
0.00018823
1.74954e-05
0.000428428
0.000565498
7.7869e-06
1.0002e-06
7.33116e-05
7.5521e-06
2.99333e-05
2.87685e-05
9.02163e-05
0.000521278
0.000215244
1.43203e-05
9.5142e-06
4.43438e-06
1.79341e-06
4.20953e-06
0.000280582
4.98347e-05
0.00240438
0.000554027
9.41282e-06
7.91397e-07
2.49132e-06
0.000607312
0.000713519
0.00079546
0.000426881
6.10483e-05
1.0096e-06
2.28885e-05
8.37974e-05
2.99352e-05
0.000142117
1.18208e-06
5.59523e-06
4.28943e-05
1.25653e-06
6.3077e-08
0.00107027
1.12869e-06
5.55379e-06
5.999e-07
2.34142e-06
1.9358e-06
3.1781e-07
2.21034e-07
6.1824e-06
1.59086e-06
7.86234e-07
0.000238011
3.19036e-06
0.000995625
7.16933e-05
0.000522492
2.39909e-06
8.49551e-05
1.49297e-07
8.83467e-06
8.85796e-07
8.19753e-08
0.000244478
1.51494e-06
6.22704e-07
4.80619e-05
9.66824e-07
1.27686e-06
0.000613393
1.83929e-05
2.85275e-07
5.21562e-06
7.98128e-06
1.32651e-05
3.19937e-08
4.64353e-07
5.68683e-08
7.93409e-06
0.000225121
0.000131897
5.8411e-05
0.000378553
0.00658388
1.92744e-05
1.02081e-08
7.11071e-07
1.81362e-07
3.63868e-07
0.00141089
9.78433e-05
6.40814e-05
9.33912e-05
0.000631539
1.36289e-05
2.69215e-08
1.57258e-06
0.000281275
3.76705e-05
1.04518e-05
1.74688e-05
0.000459106
1.40025e-06
1.33212e-05
6.16248e-06
0.000228088
0.000163764
1.28748e-05
7.86693e-06
0.000121112
7.25634e-07
1.93509e-07
5.54803e-05
1.01011e-06
2.74686e-06
7.25611e-06
2.07319e-06
5.09273e-06
8.94002e-06
1.00454e-07
4.46917e-08
1.30547e-07
4.24277e-05
4.36563e-07
2.39843e-06
7.40731e-06
7.55624e-06
3.70933e-07
2.09101e-05
1.88468e-05
1.53097e-05
5.20193e-05
5.32803e-06
2.54907e-08
1.08069e-07
6.71398e-08
1.15056e-07
5.54668e-08
5.2076e-06
0.000125828
0.000328772
0.000450935
0.000779287
0.00103477
0.000146866
0.000333263
2.50162e-07
5.52768e-06
0.00161319
1.01935e-06
0.000767877
3.77262e-05
2.70543e-08
0.00018034
1.55826e-05
1.70439e-05
3.05516e-07
1.35218e-06
2.18344e-06
8.79105e-07
5.53545e-07
1.72747e-05
1.1509e-06
2.80661e-06
8.54196e-08
6.15819e-07
7.16911e-05
1.16525e-07
0.000365683
6.48076e-05
0.0008158
7.97145e-05
7.18374e-05
1.0016e-05
0.00021293
2.30299e-05
0.00021615
0.000367643
2.74142e-06
5.67662e-05
4.51742e-05
6.41068e-07
3.24311e-07
1.00938e-05
2.04047e-06
6.83322e-08
2.39016e-06
3.82671e-08
5.17754e-07
8.60648e-09
1.05784e-08
9.10177e-08
1.77129e-08
1.53507e-06
5.94934e-09
5.71717e-06
1.44527e-07
7.53009e-06
1.62737e-07
0.000605085
4.34752e-05
7.39255e-05
6.2256e-05
1.39859e-05
6.47543e-07
0.00309093
0.000890676
2.02789e-05
2.21693e-05
9.33384e-07
3.75412e-05
1.69681e-06
1.83035e-06
0.000490843
1.52152e-06
7.87362e-08
5.05665e-07
6.46322e-07
2.10707e-05
3.65045e-07
5.69751e-07
3.79593e-07
7.40369e-06
5.69952e-07
1.59893e-06
1.33447e-05
3.33431e-06
1.23532e-06
2.25055e-06
8.13069e-08
4.93569e-07
6.06458e-07
8.33984e-07
4.38812e-06
1.19158e-05
1.6445e-07
1.66741e-06
3.44323e-06
0.000128074
0.00173835
1.48158e-05
9.63521e-06
4.70176e-05
6.17668e-05
3.03949e-06
3.84156e-06
5.65768e-06
1.85993e-05
0.000128638
4.11752e-06
3.07134e-05
3.3286e-06
5.93845e-07
2.21699e-05
1.89228e-06
3.25479e-06
1.29015e-05
1.35152e-06
2.93558e-05
0.000119972
1.59983e-06
0.000644944
5.29858e-05
0.000136613
9.041e-05
8.35111e-06
3.43249e-05
0.000145081
0.000374598
0.000285602
0.00014877
0.000800903
0.0019031
1.04883e-05
0.000438786
0.000767254
0.000737936
0.000668817
5.45815e-06
0.000158751
1.28936e-05
2.01899e-07
0.000467162
0.0015409
5.49296e-07
7.78931e-08
5.02957e-06
0.000393176
0.00190198
0.000129247
3.76862e-06
0.00285339
4.43624e-05
2.54772e-05
4.73823e-05
0.000134559
0.000339494
4.34907e-06
0.000111247
4.86452e-07
1.30788e-06
0.000371683
0.00111025
0.000103907
0.000265569
0.00247609
1.45942e-07
1.92485e-06
0.000125515
7.63657e-06
0.000117701
5.71995e-07
1.71897e-06
6.39949e-06
0.000324765
0.000431713
0.000910348
1.77957e-05
2.49374e-06
2.68157e-06
3.85253e-05
0.000795919
8.30965e-06
1.2955e-06
7.0206e-06
1.69942e-06
3.29176e-07
4.71791e-07
8.11386e-05
5.28543e-06
2.54783e-06
1.72712e-07
4.86831e-07
7.00479e-08
3.69168e-07
8.57895e-08
2.67706e-06
0.00035835
2.20427e-08
2.76757e-05
9.22824e-06
4.40859e-06
8.3422e-06
4.56269e-06
6.31008e-05
0.000568829
0.000130364
0.000205871
0.000316808
5.80082e-05
6.36328e-07
1.77366e-07
2.96369e-05
2.36179e-05
6.62945e-06
6.44791e-06
3.27296e-08
1.54971e-07
7.87393e-07
1.91549e-08
2.69418e-06
6.44748e-08
3.72202e-05
7.66487e-06
0.000274775
0.000173878
2.15599e-07
0.000589559
9.5441e-06
4.01075e-06
1.89667e-05
3.25551e-06
2.14959e-05
6.02574e-05
4.46015e-05
0.000232803
1.50305e-05
8.9198e-05
0.000455939
9.43163e-07
1.75796e-05
0.000221424
2.50472e-06
2.71623e-06
3.19428e-07
9.59942e-07
4.53071e-05
3.16505e-06
3.7045e-06
3.46923e-06
8.77641e-05
0.000180045
3.26003e-05
5.42449e-05
2.07651e-05
4.86859e-05
0.000203554
0.0001184
8.5212e-07
3.1353e-06
1.38542e-06
3.79135e-07
3.34537e-05
0.000339579
7.7738e-06
2.48324e-05
3.21933e-05
8.34732e-06
8.12039e-06
5.49391e-06
4.17189e-06
3.4602e-08
3.11619e-07
1.18908e-05
1.13506e-07
1.1277e-06
2.84197e-08
2.0207e-06
6.56162e-08
1.29743e-06
1.12145e-07
2.95935e-05
4.6403e-05
1.5261e-06
2.47185e-05
4.50407e-06
1.034e-06
2.98125e-06
7.3303e-06
1.02e-05
3.43562e-06
1.21185e-05
0.000506129
0.000556083
1.97604e-06
3.86443e-06
5.24449e-06
9.79277e-07
4.68719e-07
7.68779e-06
2.72007e-06
1.19295e-05
3.23701e-06
1.75876e-05
1.92676e-05
9.30829e-06
9.11413e-06
1.47461e-05
7.08107e-06
4.25912e-06
2.16562e-05
1.46211e-05
5.98303e-06
9.19351e-05
3.02722e-05
1.74988e-06
2.25427e-06
5.86415e-07
8.48156e-06
2.24808e-07
2.86777e-06
4.20339e-07
4.13599e-07
2.46789e-07
0.000234272
3.16776e-07
2.4945e-05
4.05579e-08
4.55951e-05
0.000364021
3.90681e-06
3.87081e-06
2.28211e-06
3.64952e-06
9.06038e-09
1.7794e-05
2.32464e-07
5.46965e-06
8.59093e-05
7.33125e-05
1.2e-05
0.000301139
0.000252226
3.82141e-05
0.00010217
9.28593e-06
0.00130833
9.78702e-05
0.000834495
0.000640452
4.76453e-08
9.30352e-09
6.14296e-09
7.79338e-05
1.45465e-05
2.43847e-07
1.43733e-06
4.91109e-07
6.4875e-07
3.34454e-07
4.00984e-06
1.71173e-06
5.34272e-06
1.22809e-05
0.00143264
1.11119e-07
2.46422e-08
7.2683e-07
7.05309e-07
3.28075e-07
2.49573e-08
6.19825e-06
1.14383e-07
1.67953e-07
2.90428e-08
4.56913e-07
3.7052e-06
2.40503e-06
4.00271e-06
1.03803e-06
4.97035e-06
8.07856e-07
1.27526e-05
4.01838e-05
2.74899e-08
1.93497e-07
4.78123e-07
5.75553e-06
1.04001e-05
2.3813e-07
2.67792e-06
1.80807e-06
0.00409941
4.87164e-05
0.000820131
1.79057e-05
0.000390804
0.000158105
2.29238e-05
2.29238e-05
4.71771e-05
2.37e-05
0.000104602
9.61854e-05
2.42196e-05
2.57459e-08
7.07206e-06
2.88597e-08
3.23884e-09
3.18707e-08
1.80624e-07
4.46963e-08
1.43001e-06
2.58769e-05
0.000215514
7.94158e-06
4.53972e-07
1.5974e-05
1.95216e-05
1.7979e-05
0.00155475
8.39824e-07
5.84865e-06
2.34046e-06
0.000183277
0.000128723
9.91239e-05
0.000117416
1.15011e-05
0.00260881
0.000371206
0.000652638
0.000113339
0.000165277
6.69484e-06
0.00374913
1.88982e-05
0.00038173
2.78442e-06
1.78014e-06
7.86824e-07
1.58866e-05
1.58866e-05
3.94154e-05
0.000879779
1.09268e-06
0.000379825
3.69394e-05
5.72821e-06
0.000190895
1.4726e-05
7.04011e-05
0.00222001
0.000102998
2.44672e-06
7.56661e-07
9.30258e-07
1.46205e-06
7.90514e-07
1.3627e-07
1.85367e-07
1.45697e-07
4.49135e-06
3.62359e-06
8.12354e-06
7.76351e-08
3.49724e-07
0.000269962
3.50355e-07
4.21699e-05
8.75279e-06
2.3054e-07
1.00266e-07
6.81538e-06
4.57643e-07
1.02182e-06
7.15855e-07
0.000146396
2.7208e-06
0.000269268
1.29698e-06
5.02611e-08
1.69899e-05
2.5045e-06
8.33799e-05
5.99877e-07
2.29233e-06
8.99667e-06
1.26774e-05
3.52237e-06
7.09781e-06
8.15236e-07
2.00766e-06
9.68699e-06
3.22109e-05
2.32628e-06
0.0012074
0.000232328
0.000640416
0.000613114
4.50656e-06
2.77409e-05
1.86314e-05
3.31458e-06
3.36682e-06
1.09152e-05
5.36531e-06
6.56305e-06
1.88831e-05
7.05188e-06
5.71847e-06
9.84364e-08
3.78124e-08
2.59328e-07
1.90496e-06
4.31096e-07
8.71728e-07
2.02172e-07
9.44971e-06
1.77713e-06
5.38256e-07
0.000527945
1.16754e-05
1.61652e-05
1.76994e-05
1.79883e-06
1.00098e-08
6.08042e-07
3.26508e-06
5.06633e-07
1.10122e-07
6.03429e-05
5.20975e-06
0.000682203
0.000105935
2.98409e-06
0.000156729
0.00051117
0.000167219
0.00238947
0.00021328
0.00217217
2.20959e-07
5.93331e-08
0.000237829
8.25122e-05
1.36839e-06
1.68714e-07
2.1644e-07
8.01973e-08
4.38167e-07
1.49045e-06
3.88795e-07
4.32252e-06
1.72321e-05
2.69227e-05
1.60299e-05
8.68592e-05
0.000483625
0.000408756
1.16092e-06
1.56643e-07
1.77483e-06
8.89394e-06
2.93872e-07
9.91857e-06
6.50344e-07
0.000260561
4.80686e-07
3.35188e-07
0.000277928
0.00059542
0.000245875
0.00046923
9.78294e-06
1.21275e-07
9.85876e-05
2.78039e-06
2.63872e-07
1.70756e-05
1.00295e-05
1.56318e-06
0.00108776
0.00200569
0.00108776
0.000110634
3.92575e-05
0.00019888
1.22443e-05
0.00022958
0.00058898
0.00101518
0.00675961
0.000164642
9.36977e-05
1.68909e-05
0.00231095
0.000260325
0.000470366
3.79352e-05
0.000334088
1.93629e-06
7.03253e-05
1.3933e-05
1.35639e-05
0.000959844
0.000108236
2.71864e-05
7.32708e-05
9.09449e-05
2.13439e-06
1.75462e-06
1.81105e-06
9.21157e-06
1.24915e-07
8.3389e-06
3.28726e-07
5.12311e-07
1.71247e-06
2.2404e-07
4.30281e-06
8.55265e-08
6.9098e-08
2.5501e-05
2.57254e-08
0.00141567
0.00152852
0.000689598
6.73142e-06
7.01071e-05
1.59815e-06
3.4756e-07
3.15676e-07
1.94598e-05
2.7333e-07
1.87915e-08
1.10088e-05
6.5076e-07
6.94033e-06
1.53035e-06
4.45967e-08
9.68588e-08
2.57213e-05
6.64339e-07
3.79736e-06
9.35187e-06
7.08347e-06
9.77957e-08
0.00122913
0.000655359
3.41061e-06
3.19535e-06
0.000151943
0.000683506
0.000486258
0.000343011
1.92074e-05
3.26852e-05
0.00011925
5.94104e-05
3.39932e-06
1.2612e-06
5.38364e-06
2.28157e-06
6.41635e-06
4.59699e-06
2.59774e-05
7.32146e-06
0.000825697
8.71399e-05
8.64807e-06
0.000157643
0.000154171
0.000362757
2.04534e-06
2.42459e-05
0.000421224
2.35639e-05
4.15895e-05
0.000298804
5.1432e-05
0.000870456
8.04208e-05
4.57888e-05
3.00403e-07
1.3766e-05
1.06594e-07
0.000122322
0.000847247
0.000616466
0.000670186
3.20492e-05
1.21115e-05
0.000243436
3.12887e-05
1.87486e-07
6.05155e-05
4.62413e-06
3.37303e-05
1.05269e-05
5.43249e-06
4.60399e-06
7.03737e-06
7.96296e-06
1.699e-05
0.000262452
0.000129678
1.24551e-05
0.000289032
3.18918e-05
0.000718565
1.95016e-05
0.000144992
1.91791e-05
1.65392e-05
4.95105e-07
1.99182e-05
1.0796e-05
2.39563e-05
7.2935e-08
5.36254e-07
3.21882e-06
1.03412e-05
3.3973e-07
2.84077e-06
2.02326e-05
1.12717e-05
0.000215706
0.000145215
4.98334e-06
0.000158008
0.000155457
4.59841e-05
0.00119059
0.000701291
0.00125879
2.31594e-05
1.02626e-06
4.79223e-05
0.000894115
1.2779e-05
0.000139618
0.00158897
0.0019418
0.00016691
2.49254e-07
1.74577e-06
3.58644e-05
8.06323e-05
5.36663e-05
1.82278e-07
5.08749e-08
1.36111e-06
9.59997e-07
0.0013582
0.000613311
1.06718e-05
4.53994e-06
4.44977e-06
8.11637e-07
1.71883e-06
6.42946e-06
3.91566e-06
2.15824e-05
0.000778202
0.000285784
8.57507e-06
3.12366e-05
5.91995e-05
2.9724e-05
0.000333791
5.28275e-05
0.000138701
3.96768e-05
8.18035e-06
4.77124e-05
2.80978e-05
0.000307979
3.64511e-06
1.24085e-05
2.29514e-07
1.36033e-05
7.34626e-05
0.00110735
2.02642e-05
3.84367e-07
5.63046e-07
9.65525e-07
1.82383e-06
0.000142635
0.000538978
0.000207463
1.34014e-06
2.83486e-07
1.44803e-05
1.51171e-06
1.05221e-06
2.57548e-07
1.75225e-05
0.00174165
3.85741e-05
0.000185542
0.00118193
7.36227e-05
1.71391e-05
0.000522883
0.000664177
0.000133817
5.64259e-05
2.50894e-05
3.13957e-06
2.49629e-06
1.04176e-07
3.68469e-09
6.97795e-07
1.69927e-05
2.34822e-05
5.61179e-05
5.35742e-08
1.56861e-05
3.95219e-06
3.19224e-05
8.648e-06
6.20299e-07
1.63284e-07
1.86699e-05
3.07095e-06
7.08674e-06
1.34217e-05
2.55931e-05
0.000129853
0.000286748
7.66157e-08
1.08429e-07
8.33054e-08
0.00130614
0.000353146
0.000104245
0.0001099
2.99812e-06
4.68077e-05
2.40636e-08
1.60844e-05
3.69815e-06
3.77087e-05
5.43032e-05
0.000354124
0.000147389
2.97876e-06
3.87529e-07
5.01447e-07
6.61758e-06
7.58619e-08
2.56064e-07
4.36962e-06
0.00013444
1.66888e-05
0.000963332
3.93876e-06
7.31146e-06
0.000255636
0.00017752
0.000227461
7.14869e-07
3.37281e-05
0.000889378
0.000258972
9.78891e-05
0.000109553
3.53667e-05
0.000224998
2.11658e-05
6.91445e-06
2.02012e-05
6.34379e-08
0.000432716
0.00166556
0.000146533
1.92641e-06
1.71654e-06
5.98417e-07
1.44167e-07
1.84033e-09
9.70581e-08
5.91438e-06
6.83875e-08
3.72211e-05
5.8687e-07
0.000104858
3.27705e-05
2.63956e-05
8.30669e-08
5.43629e-07
1.04414e-07
4.09004e-05
1.20369e-06
1.18342e-07
1.48097e-07
0.000324023
1.22278e-05
3.43726e-06
1.64382e-05
4.36794e-05
1.21018e-05
2.60377e-06
8.00494e-05
9.04603e-05
0.000154794
0.000130747
4.61926e-06
6.78958e-06
1.00712e-05
1.76959e-07
1.49092e-08
1.1096e-05
5.10287e-06
1.20381e-07
4.73928e-06
1.52327e-07
0.000170838
1.48393e-08
6.13939e-07
7.6383e-07
1.20555e-06
4.47417e-06
0.00013733
1.77032e-05
2.40601e-06
0.00199173
0.00017435
5.15561e-05
7.90399e-06
4.10349e-06
3.28329e-07
1.40171e-05
9.931e-07
1.79361e-07
1.12732e-05
2.38742e-07
2.26621e-08
2.09823e-07
5.28103e-06
0.000287364
1.85519e-05
0.000158839
0.000342163
6.74808e-06
6.61874e-05
2.08936e-05
3.17636e-07
3.14026e-05
0.000832042
8.92327e-07
2.39144e-05
3.81779e-05
8.32409e-05
6.88433e-07
0.000126646
2.69179e-07
3.5862e-08
7.37034e-06
0.00195734
9.47271e-05
3.93083e-06
0.00014828
0.000330093
6.79743e-05
0.000161488
4.45673e-07
1.8833e-06
9.46716e-06
4.11594e-07
2.58222e-08
6.62844e-07
1.71593e-06
0.00115289
3.32693e-05
8.1498e-05
2.00673e-06
7.44763e-09
2.48571e-06
1.76133e-07
1.67618e-07
4.17724e-07
7.57034e-08
2.91702e-07
3.06073e-08
2.29969e-08
0.000110776
5.30587e-05
0.000197589
9.2234e-05
5.69353e-05
0.000148729
7.58417e-08
6.45403e-08
1.43467e-06
1.61948e-06
0.000164494
5.23495e-06
3.73815e-05
3.8776e-06
1.53533e-07
3.49638e-06
1.06513e-05
3.16811e-06
5.7656e-06
8.37254e-05
4.28759e-08
7.62508e-06
0.000247164
1.50561e-05
0.000159442
8.78782e-07
1.00159e-05
1.73846e-06
1.12137e-08
1.32774e-06
2.19791e-06
2.12214e-08
9.53386e-08
3.03999e-07
9.21196e-06
1.12946e-06
1.02776e-06
1.05127e-05
2.18791e-07
6.78136e-06
8.05677e-06
2.22696e-07
1.07752e-07
5.89585e-06
6.92038e-05
2.41561e-07
0.000481197
2.13985e-05
4.39987e-07
2.62741e-05
8.75265e-06
6.69867e-07
2.14542e-05
1.2544e-06
2.41622e-05
3.34748e-07
1.67892e-06
9.6506e-07
3.89607e-08
1.22343e-07
3.9603e-09
1.95663e-08
7.76189e-09
0.00148966
3.3853e-07
0.000375967
6.40001e-05
1.12241e-05
1.42132e-06
5.36e-06
2.18519e-05
4.19213e-07
5.12524e-06
0.000460684
0.000196248
1.05101e-05
0.000420019
1.82067e-07
6.27102e-07
2.62878e-07
4.06805e-07
3.81262e-07
1.09634e-07
4.07506e-05
1.35768e-05
3.49148e-05
6.04179e-06
1.25377e-05
2.9523e-06
8.03638e-06
0.000264161
0.000107628
0.000158512
5.58226e-05
5.75124e-05
8.63034e-06
4.42949e-06
7.48219e-08
2.95652e-05
1.76083e-05
3.60078e-06
3.8961e-06
3.30325e-07
1.09179e-05
4.70741e-06
7.6638e-06
2.52172e-07
3.439e-08
7.87988e-06
5.01532e-05
3.69519e-05
1.28981e-06
2.29806e-05
2.01039e-07
3.49957e-06
4.93731e-07
6.44387e-07
1.7209e-06
2.51694e-07
9.74898e-06
2.10369e-06
1.23447e-05
6.8311e-07
1.8685e-05
4.7979e-05
5.04108e-06
0.000478479
2.08817e-05
7.3528e-05
3.90398e-05
1.06363e-06
7.1265e-06
3.93053e-05
1.1428e-05
1.69576e-05
1.2085e-06
7.68297e-06
8.54358e-06
2.4947e-06
3.62329e-07
2.19753e-05
2.40287e-05
2.07115e-06
3.77675e-05
0.000138484
9.4307e-06
8.11562e-06
0.000429046
1.28294e-05
7.01645e-05
9.01226e-05
0.000460281
1.06331e-05
1.20987e-06
4.12642e-06
3.3962e-07
3.5754e-06
0.00016487
5.19251e-06
0.000276684
1.96068e-07
5.20623e-07
5.87623e-07
3.15965e-07
1.30752e-06
3.85115e-07
1.39543e-07
1.13623e-06
1.02133e-06
1.24592e-05
8.66194e-06
9.26668e-07
1.42545e-06
2.39763e-06
2.11108e-07
2.38111e-06
9.64839e-07
3.56921e-06
5.71417e-07
1.78182e-05
1.82071e-06
1.43652e-06
4.40045e-06
3.22964e-07
1.0908e-07
1.10143e-06
4.75719e-06
1.16753e-05
1.6515e-06
8.6133e-06
0.00152146
0.000112067
0.00120223
1.02682e-05
7.92088e-07
6.37064e-06
1.23303e-07
5.28131e-08
1.26784e-05
4.30282e-06
5.53425e-05
6.08519e-05
1.10499e-06
4.19861e-06
7.11098e-06
5.0622e-06
0.000735124
0.00169182
6.72152e-06
8.40678e-06
2.90726e-07
3.82638e-06
2.70422e-07
0.000858685
1.5403e-05
1.84231e-05
9.96718e-05
1.07084e-06
0.000146529
7.08192e-07
6.33802e-06
1.82843e-06
4.15782e-05
0.000205453
1.88563e-06
5.02266e-06
4.40109e-05
2.33174e-06
5.82969e-07
1.28181e-06
1.22402e-08
9.18247e-07
5.73012e-07
3.61931e-05
1.25876e-06
8.46143e-06
1.89773e-06
2.15629e-08
3.10938e-07
2.56372e-05
1.29089e-05
0.000429367
1.17836e-07
6.13599e-05
8.79375e-07
4.28466e-07
1.22253e-05
2.49561e-07
3.58488e-07
8.12523e-06
3.70179e-05
1.63459e-05
6.28193e-05
6.94603e-06
9.25816e-06
4.56957e-05
2.85467e-05
0.000465521
2.53756e-05
9.71068e-05
0.0006495
4.7549e-06
1.98846e-05
6.90191e-05
6.76544e-07
1.21402e-06
5.35537e-05
2.32634e-07
1.37181e-06
4.16763e-07
1.82241e-08
2.99404e-08
1.69281e-07
3.26099e-05
3.52655e-07
1.99766e-05
9.97863e-07
4.83899e-06
1.13354e-06
2.45076e-07
8.87787e-08
7.21237e-06
9.18853e-07
0.000123803
4.00445e-05
0.000180141
8.96373e-06
1.3942e-05
2.22813e-07
7.9177e-06
5.98743e-08
1.72163e-08
1.67875e-07
0.000170622
2.79391e-06
6.8665e-06
0.00040841
1.5136e-07
0.000184814
0.000145265
0.000217978
1.57224e-07
8.69948e-06
1.53853e-06
8.36794e-09
2.99861e-08
1.53501e-05
1.38869e-05
3.20034e-06
3.86212e-06
4.97967e-05
1.19782e-06
2.32182e-06
0.000481675
0.000416709
2.45932e-05
1.14959e-06
7.09364e-07
3.57398e-07
4.37172e-05
6.14279e-07
1.35413e-07
4.07604e-06
1.2723e-05
7.67003e-08
9.4156e-08
0.000665099
0.000325105
0.000610074
0.000199142
1.75649e-06
0.000185145
2.4068e-06
3.96223e-05
0.000335472
1.00763e-05
2.8501e-07
1.00974e-05
8.14871e-07
4.98234e-05
1.16953e-06
2.1767e-06
1.22813e-07
9.95169e-06
0.000147941
2.41883e-06
7.87665e-05
2.22129e-07
3.89637e-07
3.78237e-07
8.62442e-08
1.15078e-06
2.33442e-07
2.60111e-07
2.76386e-06
1.27655e-05
3.77571e-07
3.7081e-05
3.70625e-05
1.07767e-05
3.70811e-06
8.48006e-06
5.07404e-07
4.9164e-07
1.71198e-07
1.07937e-07
8.64761e-07
5.76198e-06
2.28571e-06
2.42122e-06
5.29825e-06
1.3661e-05
1.58913e-06
2.21657e-07
1.07272e-05
0.000365439
3.53801e-06
0.000479659
1.63193e-05
5.38285e-06
6.25e-05
6.20089e-06
5.98185e-06
1.69147e-07
5.37997e-07
1.68701e-08
7.40392e-07
3.27159e-08
4.58986e-07
3.21666e-07
1.73966e-05
1.90266e-05
7.32874e-06
0.000732148
0.00216796
0.000194981
2.29641e-08
0.000180319
0.000206729
5.6694e-05
2.39367e-05
8.17673e-06
7.56099e-07
3.10171e-05
0.000109383
4.32856e-06
9.60051e-05
2.00532e-06
0.00162422
0.000321016
0.000168914
1.19533e-05
1.33348e-05
1.42542e-05
2.29385e-05
6.49845e-05
6.49256e-06
0.00127697
2.78032e-07
0.000168155
0.000916574
0.000281911
1.24073e-05
0.000107811
5.0598e-06
4.45382e-06
1.11053e-06
1.90073e-05
9.28461e-06
8.88313e-06
9.02498e-06
1.23218e-07
3.94866e-07
3.34126e-08
5.8762e-07
6.63076e-07
3.33301e-06
0.000499352
2.12045e-05
0.00151447
6.97118e-05
1.98516e-05
6.75421e-07
1.39833e-05
4.88541e-07
6.2151e-09
2.96838e-07
6.07599e-08
3.56305e-07
2.65567e-07
0.000132656
2.51065e-05
1.73059e-05
0.000188346
6.13341e-05
4.51605e-06
0.00023162
6.62762e-07
3.21714e-08
1.46014e-06
9.49699e-08
9.81662e-09
1.4586e-05
1.95172e-07
4.60038e-06
1.82156e-05
1.59681e-07
1.26909e-05
1.27764e-06
2.62419e-05
1.09449e-05
2.40754e-05
2.85088e-05
8.41816e-06
4.63229e-05
4.5434e-05
3.55663e-05
4.02801e-06
1.93685e-05
6.026e-06
1.43269e-06
0.000346356
2.19802e-06
8.25662e-06
1.59583e-06
3.56035e-06
4.26818e-06
2.94768e-05
1.44271e-06
2.05376e-06
5.58141e-07
8.42883e-10
6.43345e-07
1.60895e-05
3.49689e-05
5.18311e-06
6.36645e-06
5.89898e-06
5.27303e-07
6.20934e-07
4.37556e-07
1.94753e-05
1.82788e-06
0.000885824
0.000162842
0.000195281
5.53183e-06
0.00118753
8.15501e-05
8.29755e-06
6.41349e-06
3.52859e-07
7.7358e-09
8.30854e-07
6.86796e-05
2.10149e-07
3.21862e-06
4.83563e-05
0.000276145
0.00157324
9.62694e-05
8.9626e-05
2.16077e-06
0.000155648
4.3662e-05
2.14524e-06
5.40295e-06
4.474e-08
1.16293e-09
5.54747e-05
1.23788e-08
2.86987e-05
3.05761e-08
1.34889e-07
7.7069e-07
1.88942e-07
1.64926e-05
7.79647e-05
4.82266e-05
2.37126e-05
0.00269211
7.66616e-06
5.00834e-07
1.88953e-06
0.000445882
3.26951e-06
4.56462e-05
7.87486e-06
4.94526e-08
1.31421e-07
6.71037e-07
0.00179662
1.44164e-07
9.50939e-09
4.62124e-06
6.86224e-08
3.02399e-07
8.36072e-09
1.14296e-09
4.98516e-08
3.1406e-06
2.17443e-07
0.000575633
2.39515e-05
1.31614e-06
4.69481e-07
7.70255e-08
1.25151e-06
1.55506e-07
1.88566e-06
1.90481e-05
7.38192e-07
1.34042e-05
1.67385e-06
4.88735e-06
7.97096e-07
7.29253e-07
1.63211e-07
6.06695e-07
2.86376e-07
1.96606e-05
1.88144e-06
3.48997e-05
3.16195e-07
7.54662e-08
1.8869e-06
0.000103014
1.92108e-06
9.30677e-08
1.34723e-06
4.76848e-06
7.51989e-06
1.66746e-05
0.00261751
3.67547e-05
9.37365e-07
5.11686e-05
1.18636e-06
8.44348e-08
8.95266e-06
1.6337e-06
5.21509e-07
2.93275e-06
2.03831e-07
3.76257e-08
2.54897e-08
8.25559e-07
5.69692e-08
3.98631e-09
1.70194e-07
3.56259e-06
6.92286e-07
3.0188e-05
1.50694e-05
2.12109e-06
8.30951e-06
3.45111e-06
5.01449e-06
2.88119e-08
6.8818e-07
9.07888e-06
9.56097e-05
2.67729e-05
0.000110192
0.00012646
3.27404e-07
4.87763e-05
9.26039e-07
1.94817e-06
1.18641e-07
2.82955e-05
0.00138922
0.000348964
0.000162383
4.98378e-07
2.84272e-07
3.73789e-08
3.79461e-07
1.93653e-08
6.36413e-08
7.81695e-08
2.83607e-07
5.4721e-09
7.54289e-09
3.57434e-06
1.0043e-07
8.71732e-07
1.20313e-08
7.22788e-10
8.14812e-10
1.63163e-08
7.49389e-07
7.02466e-08
5.84802e-08
2.33835e-08
4.1681e-08
7.65094e-08
5.12523e-06
1.24724e-06
3.24719e-05
0.000133534
1.60692e-06
1.0451e-05
8.23713e-05
0.000140442
2.72368e-07
2.6744e-06
2.06878e-06
1.4421e-08
1.24597e-07
3.54338e-06
3.83246e-06
1.60693e-05
3.67617e-05
0.000771853
7.79868e-06
9.2286e-05
0.000507764
6.38666e-05
4.43947e-05
4.80374e-05
2.49694e-07
2.73871e-05
1.83197e-06
2.04191e-06
1.75818e-06
5.46066e-06
0.000156374
7.42676e-05
0.000132303
2.44795e-05
1.22585e-05
3.7078e-05
0.000176837
4.16976e-05
9.58728e-05
0.00035476
8.0093e-05
4.37069e-05
0.000236212
7.27063e-05
5.72963e-06
3.45777e-05
1.16302e-07
3.77309e-07
4.60331e-07
0.00224101
9.29376e-07
2.69384e-08
6.5781e-07
1.71695e-07
6.76755e-09
1.65049e-08
0.000129207
3.71393e-07
7.32172e-06
8.63868e-05
8.04599e-05
1.86856e-07
5.61767e-06
4.04524e-08
1.52384e-08
2.94278e-07
1.02448e-06
8.96003e-09
2.62189e-07
9.12919e-06
4.81191e-06
4.30679e-05
0.000231283
1.32448e-05
0.000208356
0.000515903
2.17767e-05
0.000119393
2.13166e-05
9.65359e-05
5.08168e-06
3.9178e-06
3.39037e-06
1.11901e-06
5.21162e-08
2.07367e-08
6.69996e-06
1.78865e-06
1.48262e-06
1.41599e-06
0.000723859
1.72751e-05
6.36018e-06
0.000145418
3.55489e-07
0.000178372
1.83798e-05
4.24485e-05
1.7086e-07
6.36832e-05
1.02925e-06
2.60531e-07
1.69581e-05
0.000190379
0.000137168
1.32988e-06
0.000121411
2.38927e-05
0.000615381
8.87867e-05
9.49541e-06
6.24103e-05
2.31006e-05
7.68871e-07
4.33074e-06
4.04768e-05
4.6862e-08
2.88788e-05
1.40338e-05
8.31277e-06
7.76068e-05
0.000170702
8.67715e-05
3.24543e-07
1.22481e-06
7.77021e-08
0.00224422
2.04511e-08
8.09722e-08
2.32371e-05
1.8163e-06
2.33448e-08
1.2808e-05
1.16871e-06
7.87659e-07
4.32004e-06
7.82537e-07
8.26108e-08
1.22243e-06
2.61282e-06
0.00236915
0.000517472
0.00207852
3.72001e-05
5.59505e-05
1.38598e-05
5.30055e-06
1.34809e-06
2.71461e-05
1.36183e-07
0.000102041
5.92183e-05
5.5361e-05
1.82107e-05
4.41748e-05
6.22938e-05
2.68685e-06
1.10813e-06
7.2156e-06
3.70595e-05
6.68888e-08
6.57946e-06
3.81806e-05
0.000107214
3.14979e-06
0.000142514
0.00237846
0.000215306
0.000216042
8.92773e-08
3.58912e-07
4.28944e-06
4.63907e-08
3.52912e-07
9.75242e-08
5.76163e-08
1.12047e-05
2.022e-06
1.02523e-05
1.76145e-09
5.09714e-07
1.95403e-07
1.20565e-06
3.79639e-07
5.73072e-06
7.18405e-07
8.27433e-06
1.11948e-05
4.48266e-07
5.75789e-05
6.71458e-07
2.70509e-08
3.85309e-06
8.29512e-06
2.20256e-06
4.58053e-07
1.42312e-06
4.17325e-05
3.01169e-07
3.19113e-06
1.66971e-05
1.47932e-06
9.89945e-07
1.67804e-06
7.43548e-08
2.52574e-07
3.82552e-07
7.58618e-05
7.7636e-07
0.000180778
2.30366e-08
3.11266e-08
3.28379e-08
6.51744e-05
2.55871e-07
2.59279e-06
1.68243e-05
2.78512e-06
1.41823e-06
6.07392e-07
5.45453e-05
1.1913e-06
1.27926e-05
1.24996e-06
6.36756e-08
2.06427e-06
0.00012616
1.16785e-05
0.000110236
0.000250051
5.66919e-06
8.02014e-06
1.69981e-05
0.00158063
0.000666543
0.000884176
9.01509e-07
7.53e-08
7.46976e-06
1.87198e-06
2.03952e-06
1.94827e-05
5.38151e-07
3.24101e-07
6.55724e-07
1.19864e-08
1.0355e-05
2.99059e-06
4.71644e-06
1.57342e-06
4.39751e-06
1.47451e-06
9.47694e-07
5.64117e-07
1.0016e-06
1.21881e-06
5.77153e-05
6.99351e-05
4.03282e-05
1.77037e-05
1.20424e-07
8.55449e-06
1.0414e-07
5.10534e-07
2.24305e-06
4.0922e-07
6.69695e-08
1.5627e-07
2.22404e-07
5.87795e-07
4.25097e-07
3.20088e-08
2.61611e-05
5.78462e-09
7.58029e-08
4.98174e-08
4.73022e-07
1.55592e-07
1.49493e-07
0.00146089
4.22313e-06
1.47349e-05
3.91698e-07
5.85477e-07
4.63859e-07
2.95227e-07
3.52167e-08
2.67867e-08
2.38659e-07
2.30582e-08
1.50883e-08
2.38193e-07
1.10282e-05
2.31764e-06
8.4406e-07
4.9659e-06
2.80523e-06
7.58742e-06
5.23244e-07
9.04556e-06
6.23494e-06
3.37968e-07
1.73551e-05
2.62675e-05
5.31875e-07
3.30254e-07
8.36166e-05
1.84032e-05
3.59413e-07
2.62859e-05
1.00805e-06
3.20854e-07
0.000299927
1.28069e-06
4.1358e-07
2.56935e-06
3.66502e-07
0.000139969
3.60743e-06
0.00035189
4.97509e-05
1.48934e-05
0.000101598
1.25065e-07
4.89967e-07
2.29636e-07
1.89087e-07
5.16575e-08
8.03527e-08
6.78744e-07
4.98366e-08
5.31909e-08
1.26136e-08
2.57162e-05
1.72647e-06
1.47585e-06
1.77815e-05
1.17115e-06
6.07143e-07
4.28795e-07
1.61675e-06
8.9129e-07
4.19263e-07
2.26421e-05
3.79862e-07
6.26917e-05
1.95712e-05
8.82284e-08
1.26757e-07
1.6333e-06
5.55726e-06
2.67948e-08
7.40358e-08
0.000109752
1.40935e-07
2.58868e-05
0.000166733
1.29286e-06
1.46334e-05
1.44609e-08
6.28868e-07
2.04634e-08
1.75905e-07
6.06854e-07
2.9201e-06
2.22568e-06
0.000585685
5.84859e-07
0.00030548
1.31125e-06
7.94665e-07
3.98038e-05
9.5882e-06
3.79481e-05
7.96063e-07
0.000507955
5.74536e-08
1.85094e-07
3.09516e-06
6.91779e-07
5.496e-05
2.2696e-06
5.50943e-06
2.47619e-08
1.35359e-08
3.30278e-07
5.88598e-08
1.18851e-07
1.4491e-07
4.28952e-05
1.38304e-06
8.30901e-06
1.20853e-06
1.88597e-07
1.01187e-07
5.33814e-07
2.22975e-06
1.93989e-07
7.15757e-05
4.59164e-06
1.09601e-05
9.79875e-05
6.9285e-07
2.20601e-07
2.30294e-06
1.5485e-05
3.386e-05
1.79177e-06
1.04945e-06
2.97254e-07
0.00067018
4.9484e-06
3.59555e-05
6.37749e-05
5.23563e-05
3.95739e-06
9.59969e-07
2.12608e-07
1.09334e-06
3.45983e-06
4.23158e-05
1.935e-05
1.88909e-06
2.13901e-06
5.08094e-08
5.08249e-06
1.74258e-07
1.7806e-07
2.20913e-08
3.55181e-06
4.48109e-05
0.00019218
2.08084e-05
5.06751e-07
2.00578e-07
3.05068e-07
1.17277e-07
2.03529e-07
2.75247e-07
1.25008e-06
7.63884e-07
3.74724e-08
2.47302e-07
6.97136e-07
2.32413e-07
2.3727e-06
6.73532e-08
2.35435e-07
3.72825e-07
5.14369e-06
1.98103e-05
8.09559e-07
0.000142361
5.12365e-05
1.37387e-06
0.000337954
1.85381e-05
1.53943e-06
3.69628e-06
2.22677e-05
2.69181e-06
3.22333e-05
5.884e-05
4.20685e-05
4.81528e-07
4.48886e-06
8.51387e-05
1.34518e-05
0.000111211
1.30389e-06
2.75524e-07
2.63616e-06
3.15699e-06
2.63083e-06
1.27745e-07
5.32372e-06
1.86811e-06
1.91166e-07
1.64948e-06
2.78095e-05
4.00542e-05
3.83814e-06
0.000138575
3.18248e-07
1.96753e-07
2.98549e-07
1.93401e-05
1.49752e-07
1.48355e-06
4.27916e-06
1.65893e-05
5.50714e-07
4.835e-07
0.000177251
2.61573e-06
2.51548e-06
1.37383e-05
5.82931e-05
3.56134e-06
3.83939e-05
8.98233e-06
9.05447e-05
4.14432e-05
5.79596e-06
0.000367128
1.96989e-05
5.01894e-06
1.58634e-05
7.74022e-05
7.74903e-05
2.06771e-05
2.84251e-05
2.43766e-07
1.3825e-08
1.19918e-07
2.06847e-06
3.28967e-05
5.81865e-06
1.03475e-06
3.19983e-06
7.41145e-05
7.34776e-06
1.97906e-06
9.97356e-06
4.47309e-06
2.33436e-05
0.000114006
1.91192e-06
0.000393783
0.00016318
0.000160898
6.10671e-05
0.000235324
2.07915e-07
2.14844e-09
1.73172e-07
2.44049e-07
6.03049e-08
1.06753e-05
1.25121e-06
4.62153e-06
6.8297e-06
3.97097e-06
0.000120734
4.48053e-06
4.21179e-06
5.22495e-05
3.8025e-07
8.19831e-07
3.65184e-05
2.87856e-05
5.68514e-05
1.04954e-06
0.00163461
5.25889e-06
0.000127903
2.77254e-06
1.60791e-07
4.3408e-07
1.12979e-06
1.33082e-05
1.41516e-07
7.32363e-08
7.8429e-05
9.65861e-06
6.10995e-05
1.92693e-06
1.54497e-06
1.02236e-05
0.000209553
1.05161e-07
1.64924e-05
1.76392e-05
0.000325188
1.67237e-05
7.82151e-06
7.18714e-06
5.76102e-06
2.981e-07
0.000143582
0.000283244
0.000200158
1.99451e-06
0.00040583
0.000827403
0.000278508
2.30802e-05
1.46913e-05
0.000245537
0.000193179
1.66326e-05
3.74601e-05
2.95193e-06
3.73793e-07
2.37499e-06
1.01305e-06
7.64428e-07
7.15331e-08
9.68884e-07
0.00056224
0.000157302
0.00037798
4.16829e-05
4.19019e-07
1.00104e-06
3.09977e-06
4.09948e-05
4.57597e-06
6.76322e-06
5.53641e-06
4.26039e-08
3.99858e-06
0.0003733
1.70015e-06
5.72791e-05
2.18177e-07
1.27213e-08
7.48029e-09
6.84967e-08
7.96342e-06
1.06502e-07
3.61063e-06
1.15246e-06
3.40783e-08
1.73355e-06
4.23405e-06
1.66534e-06
0.00104353
0.000182904
0.00070254
0.000209024
1.07342e-08
9.17098e-05
0.000229621
2.26313e-05
0.000617522
0.00071025
4.53494e-07
0.000184759
7.25136e-10
3.05658e-08
0.000433931
0.000269093
3.91818e-05
8.45065e-10
9.03732e-07
0.00192574
0.000880775
0.000118301
3.53019e-05
6.54281e-06
8.64445e-06
2.09419e-06
3.50855e-10
0.000733819
2.93607e-05
4.85462e-08
4.21141e-05
0.000132868
2.78124e-05
0.000414215
0.000159772
2.97685e-06
5.622e-06
2.29327e-05
6.05271e-09
3.76618e-06
2.56321e-05
2.10876e-07
6.19607e-06
1.26666e-08
2.58618e-06
4.03863e-06
7.83905e-05
0.000195123
3.414e-05
8.13216e-06
3.73992e-05
1.92563e-05
5.24922e-05
0.000155049
1.94918e-06
0.000140118
1.19263e-06
5.54191e-06
3.6265e-10
4.34346e-06
5.66256e-08
6.25126e-07
2.26741e-09
0.000519217
0.000413946
1.3243e-05
5.08221e-06
6.66439e-07
0.000576604
0.000690049
2.16643e-08
0.000156517
1.77498e-05
1.11621e-05
0.000205997
0.00031765
4.27584e-05
0.00013094
5.99536e-06
0.000604313
3.34105e-06
4.56189e-05
0.000160453
0.00013742
6.1291e-07
0.00633054
1.44666e-10
1.44436e-08
5.3131e-06
1.82678e-05
2.28448e-07
6.70928e-05
3.2492e-08
1.07908e-05
3.93435e-06
2.94376e-08
7.31601e-08
3.30087e-09
3.36216e-07
0.000658018
1.89569e-07
7.44893e-08
0.000580783
2.57762e-05
1.4335e-05
1.35304e-08
0.000597521
8.72142e-06
2.55083e-05
0.0010361
2.27428e-09
2.85288e-05
1.3608e-06
3.96688e-05
0.00263587
0.00023277
0.000126394
1.12691e-05
2.63608e-09
0.000181475
9.07772e-09
0.00212209
2.72605e-06
0.000553291
4.80063e-05
2.55908e-07
1.35936e-08
1.13035e-05
1.17784e-05
2.11464e-07
0.000806822
9.02519e-09
5.84079e-07
1.22891e-08
2.45668e-05
5.33296e-05
1.91161e-06
3.54843e-05
0.00203709
8.61937e-07
0.000464719
4.44826e-07
0.002102
8.72334e-06
2.95833e-05
0.00177136
0.00102137
4.09985e-07
3.08736e-07
9.50211e-05
0.000274775
7.31786e-05
0.000880137
1.87252e-06
9.55696e-06
2.20716e-06
0.000179961
6.30337e-05
2.38334e-06
3.08036e-05
0.000570117
5.4996e-09
0.000272021
3.45209e-05
8.58081e-10
6.39504e-06
0.000138621
0.000660224
0.000191694
4.4439e-09
9.17283e-06
2.77824e-06
9.01949e-11
4.4153e-05
2.57843e-05
0.000356603
3.49428e-06
2.35474e-05
0.000230385
0.000616805
0.000323195
5.3241e-06
1.91568e-08
3.52188e-07
4.99064e-06
5.17508e-08
0.000255755
0.00142985
4.45543e-07
1.61582e-05
3.94111e-06
3.96099e-08
2.67116e-05
0.00161841
5.38104e-05
2.70185e-06
0.000907297
0.00162468
1.82861e-07
0.000123134
0.00262733
0.000601391
9.2283e-08
0.000138101
1.0794e-06
0.000203983
5.04644e-07
0.000139466
7.33379e-06
9.19964e-07
2.55671e-06
1.03864e-05
2.83493e-05
0.000129669
0.000740591
0.000136101
0.000865416
4.08648e-05
5.4208e-08
0.00506821
0.00136648
0.000245951
8.56606e-06
2.98813e-09
0.00167504
5.21628e-07
5.26368e-06
0.00021756
7.50134e-06
0.000167612
0.000293683
3.66722e-05
0.000899757
0.000641536
2.24576e-05
1.16925e-06
0.000254095
2.06671e-07
3.59796e-05
4.4419e-06
3.09702e-10
2.33932e-08
0.000133917
6.47711e-05
1.93331e-06
6.41972e-06
0.000205341
2.99844e-07
4.34727e-05
0.000138076
4.61596e-06
0.000306729
2.84622e-05
0.000470716
3.46537e-08
6.17777e-05
8.39037e-05
0.000252894
0.000254906
1.93667e-07
1.73159e-05
2.54597e-06
5.66662e-07
3.31723e-07
8.38681e-07
0.000255092
0.00183477
0.000959401
4.42071e-06
6.26217e-07
2.75422e-07
6.13696e-09
2.55286e-06
0.000138738
7.18917e-07
0.0032862
3.83393e-05
0.000330957
8.17505e-07
5.67296e-06
0.00208832
0.00101786
3.44655e-05
3.11763e-05
1.66458e-06
0.000686423
0.00309377
8.48781e-10
1.96803e-08
0.000265576
8.25267e-05
3.10485e-05
0.000222495
1.33668e-05
5.78337e-09
2.56789e-10
0.00159685
2.0275e-11
4.96547e-05
0.000152221
1.60071e-06
0.000360477
7.0196e-10
5.15144e-05
5.15843e-07
2.14203e-06
0.000703024
1.05605e-07
1.92376e-08
3.24821e-08
1.21435e-05
0.000251028
3.1882e-06
2.30545e-07
3.00085e-05
0.00199227
1.67972e-08
8.81051e-05
1.22635e-08
4.65589e-05
4.73343e-06
5.90979e-05
0.000338044
1.92445e-05
0.00446104
5.47926e-05
1.84951e-06
0.000931639
1.92741e-09
0.00109546
5.2791e-07
2.1276e-06
4.55099e-06
9.69036e-09
1.17206e-06
4.26021e-05
4.57802e-07
4.72841e-11
1.48219e-05
1.38309e-05
0.000584089
3.56567e-05
0.000378028
9.78311e-07
0.000251919
5.16354e-05
0.000359827
1.25402e-07
3.96773e-05
2.74886e-09
4.87896e-09
0.000346066
0.000155004
2.28624e-05
3.31919e-07
0.000784977
0.00296948
0.00272689
8.1102e-06
0.000719103
2.1883e-11
1.77962e-06
1.58806e-06
1.37799e-09
5.94942e-06
1.79066e-06
7.79251e-05
0.00050598
4.26443e-06
0.000579189
9.94039e-05
3.38735e-06
0.000437386
6.07237e-06
2.5732e-05
9.56175e-05
0.00103713
9.41134e-06
1.79251e-06
7.67744e-05
1.47687e-06
5.12369e-07
5.46139e-05
5.82845e-06
6.88119e-07
0.000532259
0.000112221
2.9274e-05
6.29187e-06
1.36818e-08
9.12175e-05
0.000476663
8.06869e-07
0.000562404
0.000138302
3.94711e-10
2.08596e-05
5.66465e-05
6.3728e-06
5.12009e-07
1.71955e-07
3.00763e-09
0.000285239
6.3968e-05
0.000182181
3.50742e-05
7.56959e-10
4.21224e-07
4.17252e-05
0.000161866
6.38293e-08
1.71298e-09
0.000342355
5.94629e-06
2.23548e-07
0.000301001
4.14186e-10
0.00131472
0.000904996
3.35128e-06
0.000697948
0.00017107
8.51503e-07
0.000719064
7.93727e-08
0.000123469
0.000146193
4.13151e-07
1.79885e-05
3.97647e-05
3.12419e-05
2.62927e-06
8.68932e-05
0.00353197
0.000168104
5.10514e-05
7.48911e-05
2.21489e-05
2.1344e-09
0.000708282
4.69892e-05
0.000541824
4.97173e-05
4.98512e-05
0.000169328
4.26169e-06
4.76e-05
1.37461e-07
0.00077613
0.000902559
8.18991e-05
0.000276946
1.56005e-07
7.44598e-05
2.35841e-05
5.53856e-05
0.000254405
9.5456e-05
2.31561e-06
8.24538e-06
0.000248636
0.000337631
0.000273561
2.97999e-05
5.88744e-05
0.000186063
9.15877e-05
3.53062e-06
6.08715e-05
2.66235e-09
0.000180558
2.34649e-08
0.000940327
1.19407e-05
5.93065e-05
2.3611e-07
3.17827e-07
7.759e-07
2.62829e-08
0.000493208
9.55646e-10
1.75535e-08
4.06281e-08
0.000191111
1.76387e-06
5.53215e-05
1.67538e-06
0.000310031
0.000500041
8.56598e-09
8.35133e-05
0.000359548
1.16686e-05
6.1995e-05
3.23027e-07
3.6152e-06
0.000897137
2.11848e-06
3.45571e-07
0.000223403
3.03344e-05
0.000128897
7.9199e-05
1.68692e-05
1.06479e-07
1.24312e-08
0.0024806
4.59992e-07
7.13966e-08
1.43119e-06
2.10458e-05
3.61773e-06
8.57675e-09
0.000199121
5.44976e-05
1.69215e-05
0.000313556
9.18607e-06
0.000695075
2.32716e-09
0.000429575
1.64836e-08
0.000689253
1.31734e-05
4.82648e-07
7.28393e-05
0.000489931
6.9337e-08
0.000370418
0.00035477
1.23979e-06
4.94376e-08
0.00029846
1.66122e-05
0.000551939
0.000272384
1.76234e-06
3.22409e-05
0.00182684
0.000990402
0.000600641
5.16854e-05
0.000263796
0.000165006
0.000720604
0.00169724
2.87085e-09
1.2506e-06
1.52965e-07
0.00408787
4.37225e-08
0.000842131
3.31869e-06
1.03008e-05
0.000113323
5.34571e-05
0.000378177
1.46325e-06
1.41788e-05
0.000346647
4.02333e-07
0.00165927
7.14939e-09
7.01727e-09
8.20058e-05
1.0551e-07
2.27152e-05
0.000285173
6.75793e-05
0.000161184
8.18039e-10
0.000215322
5.11431e-08
1.72846e-05
0.000323296
7.05025e-05
0.000301698
1.00909e-05
0.000279879
0.000167137
0.000260455
1.80336e-06
0.000149689
1.38763e-07
6.89115e-07
0.000452215
2.33358e-06
8.73354e-06
6.08842e-09
2.87994e-05
0.00213221
0.00166774
0.000836134
9.0596e-05
3.95811e-09
4.17895e-07
0.00173074
1.5049e-08
2.01639e-10
3.78621e-08
1.22638e-06
0.00102956
2.62157e-06
0.000102598
0.00151511
5.26141e-05
8.35363e-05
0.00194089
0.000439868
5.99139e-07
8.13279e-09
1.66167e-06
4.97113e-08
1.10535e-05
1.47176e-05
8.74624e-05
6.23978e-05
1.76903e-07
0.000319723
0.00111061
0.000344863
0.000253522
1.15773e-06
0.000860813
8.16639e-05
0.00427424
0.000216495
3.91893e-07
7.57094e-05
4.40217e-07
8.83769e-05
2.14513e-09
1.40678e-07
0.000517816
3.26155e-06
0.000132814
2.87402e-08
0.000240789
1.9419e-05
3.45729e-07
4.78668e-11
2.11202e-05
0.000112309
1.75381e-05
3.99677e-05
0.000296055
4.5266e-08
8.42416e-11
0.000469979
9.14409e-08
8.88948e-05
1.3685e-06
5.25216e-07
0.000378994
0.00177949
0.000250191
8.29825e-10
0.00019568
0.00093597
4.32717e-05
0.000348514
0.000475131
7.78688e-05
1.42747e-05
0.000208565
0.000425578
3.30036e-05
0.000443554
0.000247056
2.89771e-06
6.67154e-05
1.41138e-05
0.000858033
0.00128349
0.00190818
2.68289e-05
7.4186e-06
1.97312e-05
3.10536e-10
0.000528399
3.00845e-08
0.000684135
0.000564046
0.000419931
0.000220975
0.000992709
1.27201e-09
3.68542e-07
8.96147e-11
3.18266e-05
0.000451298
1.65209e-07
7.74735e-05
0.000460041
0.000204408
0.00161288
0.000323862
1.96348e-07
0.000156823
2.86998e-09
0.000349904
2.74602e-05
0.000316864
9.57176e-07
8.32704e-06
3.14886e-06
1.16405e-05
8.69376e-06
3.1586e-07
0.000120313
0.000506942
1.3895e-06
7.68435e-07
7.52752e-05
0.000164175
2.59048e-05
0.000152503
0.000152237
0.000788094
5.67262e-07
7.20655e-05
3.02702e-05
4.48038e-05
7.15281e-07
6.16329e-05
0.000163909
0.000203802
1.09618e-10
4.45732e-05
0.0027329
7.69604e-07
3.83813e-05
2.6947e-06
4.18259e-08
3.0407e-07
1.19254e-07
2.15538e-05
2.10555e-05
3.4328e-10
8.54207e-06
0.000219977
6.87606e-06
3.2985e-06
4.45963e-05
8.71491e-11
0.000599339
0.00392098
0.000137287
0.000628442
7.33518e-08
0.000817658
5.94432e-09
4.1773e-06
1.08001e-05
8.5817e-05
0.00115856
0.000208318
1.59066e-06
0.000119749
1.09634e-05
0.00133907
4.0408e-07
1.53528e-08
1.69498e-05
6.87501e-07
1.12125e-06
3.37521e-07
2.90539e-05
1.34997e-05
4.00597e-05
9.15434e-05
0.000126796
4.60647e-08
1.06556e-07
8.00013e-06
6.34709e-06
7.39016e-05
1.71572e-09
9.78798e-06
3.45207e-07
0.000488635
0.000205382
2.463e-08
0.000266994
5.26822e-10
0.000363539
1.75537e-05
7.85612e-06
1.96762e-07
0.000898408
4.54523e-08
2.98287e-06
3.96602e-10
0.000296754
0.00029418
0.000493525
8.63169e-05
5.99865e-05
4.86703e-06
9.61577e-05
9.43435e-05
0.000330549
1.02459e-09
6.64558e-07
8.76694e-05
1.34818e-05
0.000183517
0.00251789
4.42289e-09
2.35827e-06
0.000509803
8.50878e-05
2.70007e-06
1.8129e-05
0.000849411
0.00031445
0.000403882
3.79633e-05
1.92379e-06
2.80818e-07
0.000217264
3.57556e-05
6.2547e-05
2.52987e-06
1.9249e-05
0.00153911
2.78898e-05
1.36641e-06
6.10208e-05
0.000231947
1.8155e-07
8.45452e-05
1.93442e-05
0.000689476
0.000895528
0.00265915
0.000138546
5.18283e-07
4.33236e-07
2.26292e-06
0.000165556
4.05671e-05
0.00073484
3.32608e-05
9.43691e-06
0.000550377
0.000207544
4.04588e-08
0.00174409
3.8241e-06
3.47408e-05
0.000212429
1.75439e-07
6.57544e-07
1.60878e-07
3.16641e-07
0.000267744
0.000118367
4.64414e-06
3.20275e-07
1.14293e-07
1.07211e-08
1.01965e-05
9.08444e-06
6.77328e-07
6.22259e-06
0.00303005
9.90381e-05
0.00145511
3.26784e-07
0.0022342
1.70243e-06
3.50857e-06
2.3853e-05
2.30949e-08
0.00059528
0.00102685
0.000602883
4.17999e-05
0.000470179
4.82343e-09
9.4754e-05
0.000796503
0.000510138
1.69774e-08
2.1125e-05
2.07345e-06
1.14149e-09
2.78461e-06
2.64073e-07
2.01021e-08
1.69775e-05
0.00267712
4.55659e-08
1.62711e-05
1.77427e-06
4.22146e-06
0.0030285
0.00125125
2.39086e-06
2.70928e-05
1.31741e-06
2.88304e-07
3.54394e-06
4.91352e-06
0.000146814
1.18903e-07
7.36078e-05
3.28982e-09
3.48128e-06
0.00208973
0.00276078
5.25337e-05
1.15441e-05
0.00299147
4.78931e-10
2.20925e-07
0.00261422
0.000256061
3.07351e-05
1.43558e-05
4.14031e-05
5.32779e-07
9.96385e-08
9.24234e-09
0.00184391
7.41766e-06
2.0923e-06
1.60233e-07
1.50114e-05
0.00029453
3.22577e-05
3.52689e-05
3.78102e-05
0.00097377
1.47196e-07
1.3122e-05
1.88575e-07
7.91376e-09
6.52817e-07
0.000603833
2.65809e-06
1.79392e-05
6.4313e-06
0.00104329
2.52205e-08
3.95267e-08
0.000107125
0.00129887
1.00297e-07
1.77845e-06
2.42764e-06
4.1472e-06
1.50087e-07
0.000160264
0.000194169
0.000108704
9.6495e-06
1.75873e-09
6.82044e-05
6.95485e-06
0.00191897
9.13686e-06
4.90425e-05
2.85803e-06
4.72989e-05
0.000107513
4.16336e-06
4.54954e-06
0.00048128
1.436e-05
2.50095e-06
0.000149388
1.16098e-07
0.00372064
1.46382e-05
3.70998e-07
1.25331e-06
2.75658e-05
1.29332e-06
3.34036e-06
1.20164e-05
3.2366e-08
0.000173962
2.64393e-07
0.0014071
9.34987e-06
1.97363e-06
2.74056e-05
7.82181e-08
0.000253661
7.85118e-05
1.66771e-06
6.60351e-06
3.1711e-05
1.81096e-07
3.48828e-05
3.09898e-05
7.65951e-07
0.000882975
5.98986e-05
0.000994538
0.000318584
4.17801e-06
2.21103e-05
0.000651899
6.03976e-05
2.19611e-05
0.0013709
1.84137e-07
1.20053e-06
0.00179466
9.69138e-07
0.000199041
4.00493e-05
0.00108356
0.000696211
5.5164e-05
0.000232865
7.54593e-07
0.00125295
0.000694169
0.000206732
3.49067e-05
7.8478e-05
2.87019e-05
0.000117297
5.10024e-08
6.13521e-05
1.25272e-06
2.59607e-07
1.07012e-06
3.72257e-06
3.50738e-08
2.88175e-06
2.03477e-06
1.43011e-06
1.78048e-05
0.000818837
5.58856e-05
0.000421746
1.83695e-05
0.000293121
0.000212468
1.46855e-07
0.00259314
6.84661e-06
1.11599e-05
9.48426e-05
1.0338e-06
0.00147507
0.000975403
6.32815e-06
5.75598e-06
5.52918e-05
1.2853e-05
7.55892e-07
1.47831e-08
8.21393e-05
5.99197e-05
0.000665786
0.000457735
4.2098e-07
4.72142e-08
1.68146e-05
9.92715e-05
8.43549e-08
2.35034e-05
0.00100299
1.35837e-07
5.63747e-09
2.53544e-07
3.83705e-09
2.59125e-07
3.74819e-08
1.1365e-05
5.40313e-05
0.00059509
0.000105357
0.000220486
1.69919e-09
1.32938e-06
5.48933e-07
1.38885e-07
1.58028e-08
2.71621e-06
4.59474e-06
5.94041e-06
7.19808e-06
0.000113275
9.47406e-05
5.6598e-07
9.19297e-08
0.000386542
0.00100092
0.00309294
0.00011149
5.48903e-06
0.000996238
6.95654e-05
1.77118e-05
9.57207e-07
1.44943e-05
9.8354e-05
9.27339e-06
1.21964e-06
6.13812e-06
0.000180451
1.42523e-06
5.58605e-06
7.98661e-05
2.11474e-06
3.046e-06
1.77374e-05
0.00109596
0.000130506
1.53503e-06
1.77519e-05
4.28476e-05
6.3433e-06
4.13639e-07
0.00115047
7.06495e-05
0.000497587
1.00478e-05
0.000818009
0.00131181
4.46323e-06
0.000174065
0.00042703
3.69728e-06
3.21254e-06
0.000504811
1.04627e-07
0.000107726
1.72397e-05
1.91897e-07
8.38372e-07
3.48644e-05
0.00401171
3.10754e-07
9.71919e-09
1.44501e-06
1.62647e-06
4.58382e-05
0.000297462
1.9482e-07
0.00158023
0.000423145
0.00218849
1.06146e-07
1.79449e-06
2.61062e-05
6.45797e-06
7.15359e-05
2.1831e-05
6.7591e-05
7.68184e-05
3.08141e-07
3.18829e-07
0.000797257
3.93648e-08
0.000155207
0.000147591
0.000125759
1.89891e-05
8.37466e-06
2.64998e-05
3.07963e-08
4.60827e-06
0.000704585
1.06133e-06
4.91082e-05
2.13338e-08
1.03034e-05
0.00130297
1.14817e-05
0.000230376
9.96618e-08
9.76894e-05
0.000508823
2.80107e-05
5.71686e-11
1.52799e-06
0.000167551
1.62869e-05
2.11922e-05
2.58059e-07
7.05091e-05
0.000119988
6.68128e-05
3.26088e-06
1.57916e-06
2.33836e-06
9.32703e-07
0.000663389
1.3207e-08
1.05059e-05
1.39791e-05
0.000694545
0.000126411
1.07757e-07
6.45246e-06
0.000686957
5.1e-06
4.17184e-06
0.000194722
1.32809e-08
0.000269321
0.000376191
0.000122353
0.000156182
0.00154279
1.21325e-08
0.00100328
1.97218e-06
0.000247621
2.89239e-05
9.90825e-07
6.76059e-06
8.51305e-07
1.68578e-07
4.62628e-05
1.05809e-05
3.02642e-06
4.50621e-07
9.15728e-05
0.000172678
4.37697e-06
2.12503e-05
4.77658e-05
0.00135126
8.76175e-08
1.81822e-05
0.000117944
0.00146862
3.97583e-05
1.41662e-07
0.000365475
1.07889e-06
2.06264e-06
6.09573e-05
5.80876e-05
0.000738153
7.47246e-07
0.00041512
2.45921e-06
3.50888e-05
1.75597e-05
3.536e-08
1.23284e-06
0.000569773
5.36539e-08
0.000758987
0.000238767
3.8917e-05
0.000462581
0.000731174
4.70243e-05
1.43806e-05
1.57245e-06
3.98807e-05
0.000119681
5.52334e-05
2.1881e-06
9.20768e-05
5.74605e-05
1.49703e-05
6.06697e-05
3.50003e-06
5.27951e-08
0.00045291
2.24085e-06
9.49838e-06
1.85585e-08
0.000121003
1.06225e-06
0.000102463
2.52816e-07
0.000191208
6.38057e-06
3.94635e-10
5.60258e-07
0.000170539
7.98357e-05
7.50154e-07
9.53741e-05
1.02687e-07
7.16784e-05
5.94571e-07
2.72813e-08
1.43691e-06
5.62521e-05
1.66313e-06
4.32087e-09
7.34784e-07
0.000424847
4.09007e-07
0.000133638
0.00109901
7.9519e-06
8.26518e-06
6.42531e-06
0.0015484
1.29789e-06
9.32478e-09
0.000156875
1.29504e-06
0.000570695
2.29008e-05
0.00149654
5.02934e-05
3.34642e-07
3.1412e-05
4.96963e-08
8.32836e-05
3.97078e-05
2.15476e-08
1.0545e-06
6.03885e-07
4.32758e-05
5.45195e-05
3.10238e-06
1.53844e-05
0.000122014
3.45907e-05
2.01479e-05
1.12437e-06
0.000324761
4.25244e-05
1.54014e-08
6.60674e-05
1.13493e-07
4.95799e-07
2.1933e-08
1.34571e-08
1.43064e-06
0.000173366
0.000309863
3.13481e-05
2.50762e-08
3.60597e-07
1.75481e-05
0.000785722
2.26627e-09
0.00111565
2.0529e-05
1.69414e-07
3.28358e-05
3.09413e-06
5.95402e-05
0.00125492
5.74468e-09
0.000464303
0.000185941
1.87252e-07
0.00309981
0.00147015
0.000279103
6.58782e-05
0.000339813
4.27155e-05
1.76395e-05
2.62181e-06
9.28439e-07
5.8894e-06
2.40014e-06
2.36618e-08
2.96841e-05
6.34819e-05
5.26569e-05
2.48551e-06
9.71927e-09
0.00233831
3.48034e-06
0.0012061
0.00135601
0.000118497
1.57023e-06
5.88386e-06
7.37496e-07
6.74737e-05
2.44038e-07
3.17879e-09
6.93669e-08
9.28325e-06
4.16909e-08
2.26213e-05
0.00119743
0.000594907
4.25706e-06
0.000132944
0.000218821
2.43497e-05
9.85032e-06
5.68677e-06
1.00878e-07
1.50077e-07
2.64181e-06
0.000461723
3.97233e-10
6.74428e-07
7.06118e-06
3.81135e-05
1.18645e-07
1.41758e-09
5.68548e-08
2.46282e-09
1.15935e-09
1.83279e-06
1.08331e-06
2.79856e-08
3.54684e-09
2.40527e-07
2.24959e-07
6.43394e-05
5.966e-09
6.62926e-06
6.29313e-07
2.13668e-09
8.72921e-08
5.56048e-09
5.53681e-05
2.01728e-05
1.35415e-06
9.18221e-08
1.99881e-09
1.28627e-11
3.33511e-10
5.31134e-10
5.47181e-08
1.13774e-09
1.50647e-06
5.53971e-11
1.39871e-06
0.000245631
6.25342e-06
0.000378651
9.49586e-08
0.000632104
3.16648e-06
0.000128924
5.52362e-07
0.000423856
2.11668e-09
6.27104e-08
1.1049e-08
2.41629e-08
1.46712e-06
2.87917e-08
4.68747e-08
8.49937e-09
1.09135e-09
0.000115887
9.20894e-09
0.00017486
2.86237e-06
5.05e-08
1.89845e-08
5.24114e-10
4.96423e-05
4.83126e-08
1.46775e-07
8.41558e-08
0.000805205
1.60152e-05
1.77961e-10
2.75658e-08
6.41236e-06
0.0010728
0.000139645
2.89174e-06
1.18953e-06
0.000110995
2.63562e-07
1.95757e-05
5.28343e-07
0.000430987
2.17293e-05
2.28716e-06
4.38459e-06
0.000203552
1.69686e-09
2.59412e-07
0.000297564
1.31298e-07
1.41747e-07
1.30577e-09
1.39051e-08
1.46298e-07
3.11478e-07
8.0336e-08
0.00151247
0.000655564
0.000206023
3.85288e-05
0.00166618
3.28869e-07
2.76891e-06
1.14779e-05
2.06766e-05
5.68181e-07
4.55701e-08
0.000389272
2.52275e-06
1.04784e-08
7.81567e-05
4.26106e-05
0.000162698
1.47813e-08
3.74544e-05
0.000148794
3.34254e-07
4.90347e-08
1.79956e-07
9.94385e-07
2.36989e-06
0.000656507
3.80139e-06
8.35069e-07
2.59998e-06
0.000700041
6.30452e-07
4.51749e-05
6.0552e-07
1.71892e-06
1.70843e-07
6.8425e-08
3.70951e-09
5.65065e-08
1.03009e-06
1.2249e-06
3.12619e-08
3.0934e-09
7.3941e-08
2.61081e-09
5.49008e-05
1.82824e-05
3.16526e-07
7.94628e-08
0.000443276
8.13363e-05
1.14788e-05
1.66672e-05
0.0031561
7.46975e-09
0.000968907
9.56492e-05
5.75535e-08
4.91806e-09
2.74317e-09
0.00308703
0.00109429
8.06476e-08
0.000300931
0.000298373
0.000115627
0.000119045
1.79333e-09
3.34662e-07
5.50741e-06
4.4082e-08
0.0019233
0.000257736
9.15397e-06
1.05171e-05
0.000231152
1.37864e-05
1.3037e-05
3.3181e-08
1.88908e-09
3.97409e-09
3.4222e-09
2.06672e-05
3.20003e-07
1.83083e-08
9.89155e-08
2.20371e-05
0.00013596
3.33726e-06
2.15098e-07
0.000123915
0.000105314
2.51938e-08
5.00717e-09
2.6686e-08
3.22995e-05
0.000134902
1.50717e-06
6.12551e-06
8.07628e-07
3.89737e-09
2.34027e-10
1.91301e-07
3.53864e-08
3.82933e-05
1.19209e-07
5.11377e-06
0.000119187
8.71481e-06
4.86185e-07
6.36705e-05
2.72653e-09
9.14595e-06
5.02148e-07
7.50736e-06
6.07226e-07
5.36413e-08
1.24079e-08
2.21116e-06
7.58484e-08
4.55067e-09
2.81983e-10
2.13084e-06
7.79091e-07
1.04144e-09
2.56311e-10
2.62637e-09
1.6331e-05
1.45005e-07
3.40128e-06
2.56475e-06
3.60849e-07
2.21229e-07
1.46206e-09
1.03865e-06
4.55917e-07
9.06827e-07
2.47434e-07
5.29361e-09
3.32925e-06
2.55079e-07
4.35029e-06
1.0873e-09
4.48214e-05
0.000796183
3.93245e-07
6.07735e-06
4.58361e-09
5.50475e-10
1.38337e-09
6.57484e-07
3.40483e-05
1.36616e-05
1.85954e-05
4.10734e-07
1.07565e-10
0.000342915
0.000202013
0.000180522
1.17431e-08
7.45903e-07
1.48424e-07
1.19955e-08
0.0001394
3.98238e-05
2.44494e-07
2.03579e-07
0.000949088
0.000235547
0.000768639
1.97925e-06
1.08378e-05
8.67448e-08
4.54314e-06
4.06959e-06
7.69748e-07
1.43959e-06
9.59451e-09
7.70334e-08
4.22866e-07
2.77306e-06
9.32014e-07
2.76937e-06
8.14172e-08
2.8651e-05
1.45383e-07
1.15682e-05
1.01914e-06
1.8309e-05
0.00117233
1.27917e-06
3.6387e-07
6.23927e-07
2.76869e-10
0.000245419
4.15539e-06
6.9749e-08
2.3563e-10
8.8217e-05
6.81592e-05
8.59794e-09
2.30398e-09
7.04304e-06
3.17393e-10
5.64313e-08
1.95079e-05
0.000410355
1.55599e-09
7.66248e-10
4.30915e-07
1.33701e-05
2.92605e-05
0.000295601
8.2069e-09
2.91697e-09
3.74417e-07
1.1376e-06
1.97347e-07
5.03531e-06
4.49569e-06
1.0139e-05
2.77352e-05
3.33313e-05
3.83176e-09
4.87949e-06
1.7817e-09
1.67672e-08
2.24564e-08
2.82742e-06
1.42165e-06
6.37273e-09
7.28458e-07
2.8853e-08
3.32348e-07
4.90305e-06
6.31401e-05
2.04516e-07
4.43277e-06
6.20746e-06
5.92974e-06
6.63017e-06
1.15203e-06
4.02249e-06
2.43037e-09
6.48354e-05
5.23795e-05
2.51366e-07
0.000266172
0.000802851
7.76709e-05
2.19191e-09
0.000177206
1.07631e-06
2.62808e-05
5.77425e-06
5.78149e-09
6.59722e-05
6.47405e-09
1.56159e-09
2.09664e-06
3.78257e-08
4.92603e-05
2.38353e-06
2.0748e-07
1.0593e-06
6.2117e-09
6.75904e-08
1.02845e-06
1.06808e-08
6.79258e-09
9.84318e-09
6.75547e-10
2.93778e-10
6.18778e-09
1.10299e-07
4.6116e-08
3.29452e-08
4.61616e-08
3.89182e-06
1.12004e-05
5.60055e-06
2.49035e-06
2.19744e-08
2.54937e-06
1.52157e-07
4.89387e-08
3.60193e-08
3.23827e-09
2.93609e-06
8.88842e-07
1.36217e-06
2.0813e-08
1.30048e-08
6.18004e-08
4.28751e-09
5.12106e-08
7.11936e-07
2.35298e-08
1.0371e-07
7.62955e-08
1.27176e-05
3.71748e-08
1.21971e-05
6.88081e-05
1.78029e-05
0.000384236
0.000112052
9.75115e-06
2.60872e-05
0.000340239
4.86619e-06
6.53919e-05
2.79931e-08
3.22926e-05
9.45226e-07
3.44951e-07
0.00108134
3.49801e-05
4.08256e-06
1.72633e-06
2.2461e-05
1.32949e-06
9.80433e-07
1.91963e-05
1.33933e-05
5.36494e-05
2.07993e-05
1.10285e-07
5.89019e-07
1.44011e-05
2.07482e-06
1.4858e-06
0.000108849
3.98833e-08
0.000186756
5.12687e-05
2.10874e-08
4.52574e-06
2.74963e-07
1.50167e-05
3.19404e-05
3.93633e-05
0.00109135
3.15886e-07
4.449e-05
1.27625e-06
0.000571184
2.03291e-08
9.29527e-06
0.000576209
0.000584573
1.13744e-07
0.00026966
1.80607e-06
3.51445e-08
0.000207036
6.26708e-07
4.42777e-07
0.000419466
6.87164e-09
2.22346e-06
5.75723e-05
6.38881e-08
2.85867e-08
0.0010604
6.28346e-08
0.000149126
3.32142e-07
9.3233e-06
6.50194e-07
0.000261131
9.00166e-06
1.43259e-07
2.04104e-08
4.92811e-07
9.479e-05
4.38455e-07
2.98866e-06
0.000336358
3.59441e-07
0.000144709
1.73288e-07
1.80889e-07
2.28238e-09
3.65078e-05
0.000110606
8.76847e-07
1.50805e-06
7.71769e-08
1.23337e-05
2.91996e-06
2.78276e-06
6.3893e-06
5.69313e-08
3.43295e-07
1.15284e-05
1.67205e-08
1.60729e-06
3.6888e-06
1.61819e-05
5.00265e-05
6.96607e-07
4.6386e-05
3.27959e-05
7.27209e-05
6.05717e-07
2.15939e-07
1.12333e-08
1.68418e-08
5.03985e-07
1.79764e-07
8.8396e-09
5.16245e-06
0.000320011
1.98572e-07
1.02214e-06
1.35205e-08
2.8572e-07
4.53091e-10
9.03512e-10
1.32751e-06
9.54576e-10
7.39045e-09
5.81827e-09
6.54267e-07
4.60639e-06
2.02546e-06
2.13009e-09
8.19061e-11
1.65231e-10
1.54771e-05
7.36062e-10
1.28165e-07
1.88481e-08
7.251e-07
3.54212e-08
0.000355321
2.23326e-07
3.76788e-06
2.06831e-08
3.11324e-05
5.61147e-06
4.57516e-06
5.27908e-08
3.78181e-06
1.9473e-05
3.35507e-06
6.52082e-10
5.32783e-05
0.000977793
2.88881e-09
6.38329e-06
8.94276e-07
1.08203e-06
1.41127e-08
4.18419e-05
2.01533e-08
2.14543e-05
2.23274e-06
1.86714e-05
3.13261e-10
1.19746e-05
3.00285e-05
1.13293e-07
3.6895e-05
0.000262539
6.26916e-06
2.23851e-08
0.000173824
0.0017183
2.68906e-07
5.8732e-09
3.69671e-07
5.30768e-05
6.30938e-10
6.66824e-05
6.08654e-06
1.46708e-09
1.55088e-08
4.11503e-06
2.14399e-08
1.81002e-05
2.53383e-08
1.56929e-06
1.08138e-05
0.000354098
5.45119e-06
7.89462e-09
3.53273e-08
3.34353e-06
8.22805e-06
2.04009e-09
7.87533e-06
2.5685e-08
0.00011367
5.35282e-06
1.00016e-05
2.20214e-06
4.68984e-06
3.0991e-06
5.59215e-07
4.00282e-07
0.000125482
7.07325e-07
9.94867e-09
4.52657e-07
1.79427e-05
6.64444e-06
0.00064093
2.35655e-05
0.000420708
3.40098e-08
2.03698e-08
9.59505e-05
9.41959e-07
9.7469e-07
4.62998e-08
1.12566e-07
3.12752e-08
8.09057e-07
1.07872e-07
1.26345e-09
5.7758e-06
1.70267e-07
1.41916e-07
1.06232e-07
5.69358e-07
3.07306e-08
0.00047278
5.52499e-07
4.13401e-05
9.19242e-05
4.7099e-06
0.000199809
6.43654e-09
0.00107704
1.17368e-08
2.39235e-07
2.40103e-05
1.93621e-08
1.38887e-06
0.000188006
2.01552e-05
3.51672e-07
3.602e-05
2.42332e-05
7.22283e-05
2.62484e-07
0.00015171
2.7751e-09
3.42737e-05
3.18875e-06
2.20036e-08
3.81293e-08
4.73529e-07
2.47334e-08
6.65371e-08
0.000133347
0.000127696
0.000482571
1.51633e-08
6.96653e-07
1.46977e-08
1.8767e-05
2.95509e-08
9.64958e-06
4.76112e-06
5.91284e-06
2.32399e-08
4.10756e-07
9.27173e-08
2.33378e-06
2.51007e-09
2.24673e-08
5.27665e-07
2.08061e-05
3.27513e-07
0.000130491
3.89583e-06
1.00208e-08
8.70334e-08
1.08648e-05
5.59985e-07
1.08628e-07
1.3876e-06
6.2217e-07
4.01959e-07
6.15359e-06
1.26843e-05
1.28691e-06
4.11884e-09
7.2652e-09
1.79446e-07
1.2204e-07
2.79142e-06
1.3044e-07
2.53279e-07
6.43783e-06
2.43727e-05
4.13373e-09
4.3334e-06
4.15914e-05
0.000133723
4.10894e-05
3.409e-05
7.84874e-08
0.000149031
2.54594e-07
0.000569664
1.64123e-06
0.0011723
0.000656616
2.78137e-06
3.0698e-07
4.33479e-05
1.40591e-07
2.95092e-06
1.46026e-06
1.27746e-05
4.76582e-05
8.29395e-08
2.02931e-06
1.9202e-08
1.87727e-10
4.39905e-07
6.58278e-08
0.000692284
1.47367e-09
4.4138e-06
5.78045e-06
4.29543e-06
1.07988e-07
1.04808e-06
6.20135e-06
0.00189187
3.35702e-06
2.30067e-06
5.09823e-05
0.000183043
3.08144e-06
1.41701e-05
2.69673e-09
1.21869e-06
1.10359e-06
4.9279e-06
1.31391e-06
0.000247223
0.00338412
1.28453e-08
3.67188e-07
0.000641035
3.34914e-06
1.27719e-07
5.05726e-06
1.34865e-05
7.36545e-07
1.76198e-07
7.15813e-05
0.000253358
0.00160585
2.67816e-06
0.000458198
6.35985e-07
5.03319e-09
1.46567e-05
5.02258e-06
5.79902e-08
0.000115634
0.000214293
5.04003e-08
1.29149e-06
4.3455e-05
0.000773959
4.06723e-06
5.56726e-06
8.18965e-07
1.98827e-06
7.98807e-06
2.96e-06
1.658e-09
3.85509e-07
0.000440932
1.7457e-08
8.08005e-06
0.00132822
6.22505e-06
0.000580053
0.000139105
0.000176587
5.42997e-09
5.31168e-06
1.49509e-05
0.00074419
0.000224157
6.82659e-08
3.17891e-05
2.26102e-06
4.92648e-08
4.16031e-07
5.29591e-09
0.000136101
1.63183e-06
6.42684e-05
6.72846e-06
1.58869e-07
4.31658e-05
1.16215e-08
1.06798e-06
0.000657889
1.13623e-06
6.39768e-08
1.64981e-06
0.00070798
0.000128352
4.68592e-06
2.99011e-07
9.53463e-07
3.87874e-06
3.65762e-06
9.6512e-09
0.000543473
2.70329e-08
9.70948e-06
1.29796e-07
6.14069e-08
5.91132e-09
1.36805e-07
1.35185e-05
3.50334e-05
0.000181552
5.76549e-07
5.68342e-06
5.96148e-05
0.000690518
2.36221e-07
2.08363e-07
2.05193e-06
4.20083e-07
1.77233e-06
0.000696551
3.04989e-08
1.44921e-08
8.81772e-09
0.000853521
0.000155065
4.32398e-06
2.55787e-07
6.56409e-08
7.43125e-08
2.27219e-05
6.18339e-06
5.94062e-07
0.000445413
2.477e-05
2.5658e-05
1.08677e-06
1.33826e-06
6.45401e-07
2.37828e-05
3.20481e-05
1.5782e-06
5.22562e-06
0.000606136
0.000269735
0.000595735
9.50101e-08
6.44209e-06
0.000374067
0.000101296
3.36774e-07
8.23211e-09
1.40246e-06
7.20773e-09
1.46877e-05
3.15939e-06
4.54939e-06
0.00046287
6.46043e-06
4.51608e-08
9.24626e-08
2.8476e-07
4.29452e-06
2.66416e-09
6.31196e-05
1.27661e-05
8.37154e-06
7.70864e-07
9.70527e-07
5.03111e-05
2.09093e-05
1.15683e-07
1.2209e-06
3.72461e-06
2.97561e-07
2.90093e-08
2.17862e-05
1.90738e-06
0.000243616
3.7325e-08
3.34977e-07
1.7532e-06
3.3768e-06
0.000996318
3.33091e-09
0.00294288
1.78859e-06
1.78391e-08
6.99569e-10
2.10422e-07
2.23386e-05
9.89025e-06
2.99272e-09
1.60929e-06
1.09168e-08
1.18806e-06
3.22742e-07
9.30449e-06
0.000942431
0.00031902
2.32686e-06
1.82289e-06
3.43066e-09
3.30063e-09
2.6533e-06
1.57454e-07
2.15802e-07
3.35833e-07
4.32368e-06
0.000549438
3.10728e-10
1.79361e-09
3.99199e-08
2.45151e-08
5.63693e-07
1.82312e-07
1.84858e-07
4.88308e-06
0.00043654
9.64426e-05
3.63124e-08
5.89983e-09
1.45121e-08
3.57345e-08
4.56247e-07
1.16045e-08
2.38144e-08
7.32456e-09
7.2237e-08
1.79409e-08
3.95156e-08
4.23044e-06
1.23034e-08
3.13527e-08
0.000728004
1.52213e-05
1.27418e-05
7.95812e-06
1.71995e-06
1.31358e-05
0.00262964
2.11559e-05
2.58786e-06
0.000549907
9.70289e-06
1.73441e-06
3.05073e-05
5.14089e-09
0.000111696
2.96579e-06
1.96849e-06
3.78759e-05
0.00125482
7.00333e-09
1.5081e-08
8.49681e-06
9.3076e-05
1.14112e-06
4.53091e-05
3.35142e-09
3.75617e-07
3.27744e-06
5.77391e-09
9.43996e-07
7.52127e-06
4.07771e-06
6.52764e-05
1.14916e-06
1.07318e-05
2.41674e-08
2.23146e-06
3.38364e-09
1.23145e-06
1.55542e-06
0.000130331
1.64708e-06
1.24531e-07
2.16069e-08
5.63672e-07
2.48098e-07
5.40496e-06
1.28873e-08
2.05888e-06
2.51354e-07
1.04818e-09
0.000203252
0.000111212
6.76505e-06
5.52337e-07
7.42543e-06
7.43491e-06
3.68394e-08
6.95062e-08
1.74985e-07
3.48175e-05
3.01835e-07
1.43994e-06
3.60216e-08
4.08488e-08
1.87261e-05
4.08956e-08
8.21101e-09
9.6616e-07
6.20612e-06
2.00077e-07
1.77108e-07
1.03571e-07
8.07395e-06
1.16773e-06
1.93086e-06
3.05572e-06
2.18888e-06
5.89059e-06
1.23304e-06
1.4155e-06
3.40977e-08
5.66536e-06
1.37615e-08
8.67567e-06
0.00010272
5.58734e-09
8.32487e-08
2.13013e-05
7.83165e-06
2.54647e-06
3.00758e-07
5.16372e-06
2.70062e-06
1.92206e-05
2.63978e-07
4.19307e-10
2.16869e-06
6.2604e-05
2.91127e-06
3.28382e-08
4.57204e-10
2.71822e-07
1.205e-08
2.29656e-08
5.94333e-07
6.79783e-08
2.36144e-06
4.47913e-06
0.00100578
3.3357e-06
2.92737e-06
9.38024e-05
1.24566e-06
4.51206e-06
0.000215315
2.63679e-08
1.42331e-06
7.31104e-07
0.000259433
0.000570685
5.29822e-05
2.64348e-06
0.000148903
3.52901e-08
7.43231e-07
2.82066e-06
9.59937e-06
1.38847e-10
6.93927e-07
2.1806e-07
1.78864e-08
8.62974e-05
4.40536e-08
4.59141e-06
3.57744e-08
8.26401e-06
4.00397e-08
7.08484e-10
0.000847503
1.0474e-06
5.48669e-08
4.37908e-05
0.000361025
1.31251e-06
2.60625e-07
1.64065e-07
5.34032e-06
1.35098e-05
9.80333e-08
1.9136e-08
5.55483e-06
5.28213e-07
1.6427e-07
1.57649e-05
1.76748e-06
1.11746e-06
1.79729e-07
1.38179e-05
4.45453e-05
0.00022525
1.80226e-06
2.61992e-06
1.73864e-06
0.00196045
8.11456e-06
1.5791e-06
2.7993e-06
0.00050024
8.75471e-06
0.00204088
4.59676e-08
2.64143e-06
9.96358e-05
8.89095e-06
2.74732e-10
0.000169547
3.53345e-05
5.92771e-05
1.03444e-08
7.6292e-09
1.98979e-06
5.72824e-07
8.49093e-08
0.000185508
2.30981e-08
7.41045e-10
2.7434e-06
5.74363e-08
4.56356e-06
2.7822e-08
1.69781e-06
9.14389e-09
0.00151447
1.96365e-05
4.01541e-09
3.85076e-09
0.00143459
3.72607e-07
1.48323e-07
8.4076e-07
1.18647e-07
7.48223e-07
3.93232e-07
2.33591e-08
0.000109524
9.6626e-05
3.76624e-08
7.26898e-09
4.74007e-07
2.46032e-05
1.35321e-06
6.70325e-07
2.3757e-09
1.48604e-08
1.63758e-08
2.64662e-06
3.90348e-05
0.000167739
8.09496e-06
9.23214e-07
6.94971e-08
0.000746566
1.04019e-06
3.50294e-09
3.5772e-08
5.66704e-09
1.42056e-07
2.97982e-08
4.8931e-09
2.87461e-09
1.45456e-08
3.80531e-08
2.51242e-07
4.70682e-09
3.39039e-09
6.00048e-06
1.27183e-05
2.19024e-07
1.1497e-09
1.12834e-06
2.65797e-08
5.11122e-07
9.74329e-07
1.80931e-08
9.0045e-07
1.47354e-07
1.59127e-08
7.85156e-10
1.24414e-09
2.91602e-07
6.7775e-06
1.04395e-08
1.39157e-08
1.20202e-07
3.9186e-07
2.73943e-08
1.70647e-08
7.47381e-06
5.33641e-08
2.15529e-05
8.95323e-08
2.30395e-09
2.58421e-06
3.5369e-08
7.52812e-06
2.1338e-05
1.10036e-06
1.11354e-07
6.70609e-07
0.000142541
4.41349e-06
6.46477e-05
6.04746e-07
1.00042e-06
0.00302718
3.07066e-06
2.35115e-05
7.7985e-06
9.37721e-08
0.000993951
2.47995e-08
4.77354e-05
5.36708e-07
4.58061e-07
1.8143e-07
1.12959e-08
1.70264e-06
4.62088e-05
5.40572e-09
3.92371e-06
1.89933e-06
7.95709e-06
2.34102e-06
0.000157064
5.89541e-05
0.00152405
0.00283125
4.6638e-08
5.78622e-07
9.60665e-08
1.94846e-06
0.000155061
1.28706e-08
0.000457497
1.75418e-07
5.92573e-05
5.76347e-07
0.00147739
0.000154023
6.02448e-06
2.26215e-06
5.36683e-05
4.42657e-07
0.000354344
2.7136e-06
3.09232e-06
4.47319e-06
6.91219e-09
7.06642e-09
1.44422e-08
5.45275e-11
5.45614e-11
8.91925e-09
6.89489e-11
5.12424e-08
4.14027e-08
2.38367e-07
9.52492e-09
2.72194e-07
1.0571e-08
1.61481e-09
4.21165e-08
5.40773e-09
2.47456e-06
9.2833e-08
9.74256e-08
2.11002e-07
6.62154e-09
2.52568e-07
2.95297e-08
6.35374e-08
9.37603e-05
7.35014e-06
6.01662e-09
1.80962e-06
1.91434e-08
0.000514363
1.64654e-06
0.000580639
1.48162e-06
9.18099e-08
2.58124e-08
2.17711e-05
3.94759e-10
7.76408e-06
4.4568e-06
7.91214e-06
3.58393e-05
4.88994e-08
1.36225e-06
1.41154e-06
4.15956e-08
1.8284e-06
7.56843e-06
2.51143e-06
3.52814e-07
1.67086e-06
6.42759e-07
3.17965e-08
4.7094e-05
6.94184e-08
2.09493e-08
0.000156672
2.02624e-06
1.87377e-09
1.79644e-08
1.6014e-05
4.55825e-09
0.000208145
1.17712e-08
6.85421e-06
9.19349e-05
0.000493576
1.38634e-08
2.43569e-07
1.6604e-07
1.61443e-06
6.90953e-08
5.3765e-06
1.15277e-09
1.95355e-08
4.2757e-09
3.13904e-08
2.81261e-07
2.05573e-07
1.45125e-09
3.42261e-07
4.15184e-07
1.88363e-07
1.31904e-07
1.27752e-06
2.02078e-07
1.81425e-05
0.000411724
6.68803e-09
1.15033e-06
6.89819e-08
1.56115e-07
3.43319e-07
1.65965e-06
5.32897e-08
1.38016e-08
6.41795e-07
8.51914e-08
3.84608e-05
5.8597e-08
1.86164e-05
2.01001e-06
1.0859e-07
6.19261e-09
3.73523e-07
4.58831e-09
1.68705e-07
4.55098e-08
1.69611e-08
2.53903e-09
5.58111e-10
6.26007e-09
3.17636e-11
2.90719e-07
1.82342e-09
5.68963e-07
6.2046e-07
2.64191e-05
4.70848e-09
1.34289e-06
2.21914e-05
9.80341e-07
8.08939e-07
1.0347e-07
0.000239129
2.4411e-05
2.55181e-06
7.49973e-07
3.47477e-08
1.15257e-06
9.83579e-07
2.46684e-07
1.32284e-06
9.71638e-08
2.75375e-08
1.40106e-06
6.20923e-09
1.84558e-07
1.41483e-09
1.15851e-06
1.83015e-06
2.01842e-05
4.26915e-07
8.10501e-07
8.09178e-05
1.62916e-06
7.81375e-06
1.5784e-08
1.89886e-07
4.62222e-07
3.69476e-06
2.47473e-07
1.3003e-06
0.000353076
6.23692e-05
1.72078e-05
1.90336e-07
1.11893e-07
7.70411e-07
1.6047e-06
6.97276e-05
1.34244e-05
3.47177e-06
1.57172e-06
1.92539e-07
3.63521e-07
2.02392e-06
2.92323e-06
0.000141529
2.79321e-05
5.46333e-05
3.27789e-05
8.52052e-05
8.69746e-07
2.01211e-06
5.93051e-06
3.40042e-05
1.87024e-07
2.30056e-06
3.69493e-05
4.04979e-05
3.56363e-06
5.61761e-08
4.52097e-08
9.82599e-06
2.65961e-07
2.71373e-05
5.66259e-07
3.05448e-06
1.25053e-09
0.000295734
0.000482934
9.08309e-08
3.70815e-09
2.18703e-06
2.04183e-07
0.000734651
3.01014e-08
1.32453e-07
1.04705e-08
4.79251e-07
0.000693038
6.23846e-09
1.27108e-06
1.61153e-07
4.20815e-07
8.76606e-06
1.2733e-05
8.3729e-06
6.29758e-07
2.02994e-06
4.54567e-06
2.74931e-09
1.10947e-06
1.03998e-07
4.53093e-06
0.0011549
1.14093e-08
1.1032e-06
0.000102082
9.45954e-06
7.31309e-05
7.60828e-06
5.11289e-09
1.06902e-06
1.37998e-07
8.05536e-08
9.73257e-05
3.74564e-06
4.59111e-07
1.16573e-05
1.00814e-07
6.39483e-05
3.93727e-06
4.46517e-05
3.50244e-06
1.01301e-06
1.83914e-07
2.2637e-07
2.44661e-08
5.80096e-06
3.22452e-06
7.56006e-07
4.09482e-07
1.12767e-07
2.36964e-06
5.70614e-07
6.59943e-06
1.30809e-06
2.6136e-07
2.53889e-07
2.55332e-06
5.52547e-07
3.6779e-05
1.19828e-05
1.78562e-09
3.30021e-06
2.09208e-07
0.000254199
1.68827e-06
5.05718e-06
3.3249e-06
4.53609e-05
2.37695e-08
2.92573e-09
0.000183962
1.39336e-08
6.89345e-06
0.000297293
6.41313e-10
3.46293e-05
1.55572e-05
6.58468e-08
2.73691e-10
1.66238e-09
0.000174887
1.0959e-05
0.00028108
1.13887e-08
2.73897e-10
1.14687e-09
7.81873e-07
4.41577e-09
5.11895e-07
3.34291e-05
1.1324e-07
7.49876e-09
1.37241e-07
1.88652e-07
9.94394e-07
7.58174e-08
2.15141e-08
4.24534e-07
6.66179e-08
3.54723e-07
3.08105e-08
6.83781e-09
0.000387965
3.95839e-05
8.24069e-06
3.46204e-07
6.76898e-06
0.000149409
5.08907e-07
1.68533e-07
1.90361e-06
2.50257e-06
7.71771e-11
4.30251e-06
2.71991e-07
7.31608e-07
7.67136e-06
5.03058e-08
0.000722257
1.23489e-07
8.0611e-05
0.000351461
1.84473e-06
1.50951e-07
3.17938e-05
9.71131e-07
1.42662e-07
0.000118934
1.63349e-10
3.18854e-06
3.15934e-05
1.1663e-05
8.841e-08
5.15353e-08
6.6361e-05
1.1124e-09
7.57219e-07
3.77529e-08
4.17209e-05
0.000357567
2.4861e-06
2.61234e-06
3.06851e-08
0.000257623
1.81494e-08
9.38824e-07
9.28822e-06
5.07827e-08
1.59867e-06
2.22254e-10
9.65694e-08
0.000833778
3.9965e-07
7.11149e-08
5.89974e-06
2.0661e-07
3.53671e-05
4.34885e-06
5.62995e-08
1.1419e-05
1.91933e-07
2.27598e-08
4.3706e-07
4.30784e-08
3.39246e-06
1.01413e-08
2.10867e-06
1.27647e-09
5.01497e-05
1.7237e-06
7.07495e-07
1.61101e-08
3.75535e-10
6.33484e-07
1.1467e-06
0.000115965
8.65954e-08
3.7444e-08
9.60779e-08
8.12236e-06
3.84462e-09
7.49425e-05
3.26943e-08
5.61268e-09
1.21939e-09
2.28764e-09
2.21484e-05
2.41141e-07
2.43062e-09
3.95726e-10
0.000159401
0.000247944
0.000137905
6.38335e-06
5.68373e-08
3.32917e-05
1.05848e-06
8.41567e-08
0.000137692
0.000511823
3.24148e-08
2.18521e-05
4.15705e-08
1.34393e-08
2.24421e-09
2.38816e-09
5.08246e-05
1.28419e-07
2.45708e-05
3.57839e-07
6.76775e-09
1.26024e-08
1.19791e-07
4.23142e-08
1.42842e-08
2.3118e-07
1.23703e-08
1.14126e-10
2.47936e-07
1.23246e-08
3.57978e-06
4.00793e-10
7.17471e-08
3.87594e-08
1.4492e-07
6.41206e-08
5.63145e-08
6.01288e-08
0.000312012
5.53683e-11
2.6499e-10
6.66089e-06
1.22355e-07
1.6997e-06
0.000192413
7.83107e-05
1.29666e-08
2.65337e-06
0.00151147
0.00031318
3.87917e-06
3.33602e-08
5.74919e-05
1.10381e-05
0.00311386
1.16077e-08
5.89405e-05
2.57502e-06
1.75867e-09
1.44165e-09
6.55782e-07
3.26639e-08
3.12102e-07
0.000302987
6.80537e-05
4.77975e-05
8.35519e-06
3.82641e-05
3.7477e-05
1.8022e-07
1.17785e-06
5.43783e-08
1.82996e-09
4.83985e-06
2.37008e-08
1.1055e-07
0.00136141
2.21285e-06
3.15783e-07
7.39917e-10
6.49869e-05
7.37848e-07
8.48695e-07
2.63925e-08
1.90305e-08
1.02232e-07
3.08926e-08
1.01585e-07
7.39006e-08
5.36063e-08
3.93091e-09
1.11617e-08
3.95236e-08
1.01886e-10
6.35009e-08
2.58666e-10
1.17494e-05
5.61992e-09
5.04461e-09
5.31285e-07
2.19339e-09
3.07784e-10
7.35181e-08
1.2256e-09
5.9891e-08
1.00253e-09
3.61248e-09
9.03276e-10
5.82989e-09
3.57772e-10
3.31914e-09
1.61533e-09
3.24828e-08
9.69055e-08
4.1752e-07
0.000400166
5.97359e-08
2.19725e-06
2.39427e-05
9.87843e-08
1.04531e-06
5.25578e-06
1.44873e-07
4.70974e-06
1.01844e-05
2.2023e-08
3.27725e-08
1.61036e-06
2.80669e-07
1.80441e-05
0.000529852
2.23932e-06
3.2959e-06
7.80952e-11
4.61859e-07
0.00014799
2.23393e-08
2.65172e-07
5.73237e-05
9.47939e-06
2.15564e-06
1.11115e-06
1.00735e-07
3.65943e-08
1.51219e-05
0.000101042
4.59315e-07
1.94602e-07
1.64903e-09
6.26248e-06
3.4471e-07
1.54168e-05
2.7815e-05
1.54502e-05
3.03345e-07
0.000621624
3.37384e-07
1.19895e-07
2.03441e-05
7.61655e-06
8.98097e-07
0.000475671
1.02803e-05
0.000351725
2.74966e-06
2.41104e-07
2.129e-05
1.37395e-05
0.000228959
9.30175e-06
6.03145e-06
1.18439e-07
1.99523e-07
3.40887e-08
2.7626e-10
6.57857e-05
9.08012e-09
1.07038e-07
1.04973e-06
8.92747e-07
7.76905e-07
2.98592e-07
1.87434e-06
1.21419e-06
5.7166e-07
1.38639e-06
1.18557e-06
8.94878e-09
2.59495e-10
3.57858e-09
4.79576e-06
1.70588e-05
5.94297e-08
5.6005e-05
3.2688e-08
4.31601e-08
2.43081e-08
1.89277e-09
3.7754e-08
9.4185e-07
6.46632e-08
4.70266e-07
8.97553e-07
3.00422e-08
0.000166238
8.66071e-05
7.49219e-05
1.12115e-09
1.57618e-05
8.62774e-08
4.24994e-07
4.16791e-07
9.01385e-11
1.09704e-07
1.73439e-06
1.19178e-10
3.59999e-08
7.97809e-08
6.83048e-09
2.68635e-05
5.20454e-09
1.57594e-06
4.48705e-10
3.20656e-10
3.09239e-10
3.17929e-10
1.71271e-10
4.68814e-10
8.2019e-11
8.03964e-11
1.46633e-10
1.4234e-10
2.20935e-10
0.00010626
1.71728e-08
0.000485988
4.99323e-11
3.32113e-10
2.94926e-10
1.16577e-09
1.13774e-10
1.52853e-10
6.92935e-10
2.89116e-10
1.05014e-10
1.12e-11
1.16564e-09
2.06864e-08
2.90341e-10
1.62933e-08
1.38175e-05
1.4523e-08
5.01965e-10
9.18282e-09
7.76833e-10
2.75491e-10
2.61359e-09
1.04663e-09
1.14315e-09
7.36833e-07
1.5663e-06
5.00293e-10
1.18359e-06
1.28683e-07
5.04105e-06
3.40116e-08
1.45534e-05
1.45379e-06
1.40242e-05
4.47646e-07
2.71468e-09
1.30043e-08
5.41208e-10
2.75261e-08
8.76086e-08
6.7447e-10
2.02827e-06
1.01652e-06
4.59408e-08
1.97434e-06
3.22534e-07
5.07494e-08
1.99455e-05
3.94964e-05
3.98909e-09
2.08929e-09
5.11064e-09
9.78898e-09
4.4466e-09
2.39667e-08
0.000185235
3.42602e-06
2.02117e-05
2.36194e-07
1.86534e-05
4.63475e-07
1.49727e-08
0.0004131
1.26217e-05
6.7027e-09
1.50976e-07
3.05075e-05
5.38369e-08
9.06564e-07
3.04181e-07
1.22349e-08
6.50976e-08
8.6165e-10
4.01741e-07
5.59944e-09
1.5979e-06
7.89968e-09
4.02057e-10
3.78518e-07
7.82658e-07
7.69575e-09
1.40926e-09
1.74975e-08
5.35129e-08
2.91575e-10
1.50033e-07
1.87481e-09
2.37559e-10
1.60677e-10
2.37343e-10
6.37033e-10
1.77165e-09
2.29621e-10
8.03964e-11
3.41276e-10
3.27289e-10
3.04823e-10
2.42949e-10
8.03964e-11
1.1228e-10
1.10698e-10
1.55556e-10
8.56151e-11
1.95035e-05
4.54469e-05
0.000537667
4.95716e-08
2.50502e-10
3.03002e-10
2.29621e-10
2.23413e-10
1.57148e-10
2.22472e-10
8.51377e-11
1.72821e-10
8.25597e-11
2.37495e-10
3.00878e-10
7.87451e-11
2.34308e-10
1.4831e-10
1.5154e-10
1.8084e-09
2.45538e-05
1.69044e-06
1.60433e-06
7.29399e-07
2.59715e-10
1.52017e-09
6.87792e-10
3.56828e-10
3.9315e-10
1.22831e-10
1.47923e-10
1.66201e-10
1.12796e-10
3.00639e-10
2.99321e-10
1.4831e-10
7.76467e-11
5.55636e-10
3.69068e-10
1.01202e-08
2.20316e-08
1.36169e-08
2.71159e-09
3.01746e-07
4.20832e-08
9.31123e-09
1.20876e-09
1.57677e-10
3.23065e-10
1.05595e-09
2.10947e-10
1.10611e-10
4.92238e-10
1.65302e-10
3.09689e-10
1.5154e-10
3.01323e-10
1.10995e-07
1.87145e-07
8.74758e-07
5.90126e-09
2.47595e-05
6.15447e-08
1.65373e-08
1.06953e-07
9.75304e-09
1.27267e-08
5.57338e-05
1.11632e-09
1.65133e-11
2.19276e-11
3.25723e-12
1.15284e-10
3.97665e-11
6.96905e-10
1.40116e-09
1.39087e-09
9.52823e-10
1.85864e-08
6.38158e-05
2.08527e-09
4.90712e-07
4.47791e-09
1.72697e-06
4.26388e-08
2.61136e-09
4.80104e-07
3.58239e-07
8.11975e-07
1.32609e-05
2.61711e-07
2.83768e-08
9.3788e-09
1.218e-08
2.88396e-09
8.95466e-11
8.17203e-10
3.22665e-07
5.55761e-06
0.000182504
2.25821e-09
6.4713e-06
1.04199e-08
1.57797e-05
4.03154e-09
2.47946e-07
4.70649e-06
6.8501e-08
1.10786e-06
7.46466e-10
2.21878e-07
3.68748e-08
7.53346e-10
1.3163e-10
1.62928e-09
2.29643e-10
3.9298e-10
2.07198e-08
3.5967e-09
8.10844e-06
1.14116e-06
1.99228e-06
2.15341e-07
2.88664e-09
0.000378078
1.80969e-08
0.000171147
1.28163e-05
2.5411e-08
0.000298516
5.63211e-08
4.01049e-05
2.18188e-06
4.38078e-08
4.16948e-09
1.89063e-10
1.30984e-08
3.21045e-07
2.64955e-05
4.28957e-06
1.06395e-05
1.06589e-06
1.28011e-05
1.91507e-05
5.35652e-09
7.22923e-10
7.86076e-08
4.78049e-06
8.11513e-08
9.04769e-09
1.97592e-06
3.20443e-06
4.31729e-06
3.99623e-08
0.00121508
2.09481e-05
3.20913e-10
9.54486e-08
2.69984e-05
2.09426e-05
0.000111687
5.85642e-08
5.8401e-06
6.82133e-11
4.71616e-11
0.000351274
0.000829011
0.00237103
6.62698e-06
3.43957e-05
2.94515e-08
1.7832e-06
0.000293908
3.50735e-07
4.86817e-08
4.46985e-07
3.32375e-09
3.61712e-10
2.42915e-09
4.86123e-09
4.71616e-11
2.60351e-07
1.04618e-07
4.94469e-09
3.85846e-08
1.0267e-05
7.54551e-07
9.10161e-10
3.72986e-08
2.70751e-08
1.95671e-07
3.54157e-05
2.77257e-07
2.69369e-05
4.26235e-08
3.6114e-08
3.03084e-08
2.25305e-09
3.26494e-09
0.000159526
8.27453e-09
9.48192e-09
1.20199e-08
6.88339e-09
7.23648e-06
1.76245e-08
5.96126e-08
4.84869e-08
1.80908e-08
5.58099e-09
2.27974e-10
1.63011e-07
8.08419e-09
1.55953e-08
1.68509e-07
2.2296e-05
2.93099e-05
1.81254e-10
5.7896e-08
2.99821e-07
3.18178e-08
6.85297e-05
2.28346e-07
3.78267e-06
8.09333e-07
6.74869e-05
6.77417e-07
2.82921e-08
3.08919e-06
3.13614e-07
1.28065e-06
3.74043e-05
5.68778e-07
1.03417e-08
0.000403176
1.56965e-06
7.51414e-07
1.48166e-07
1.55799e-06
5.14314e-09
3.39064e-06
1.5934e-09
2.53833e-09
8.97287e-09
3.42526e-07
4.57071e-05
5.96127e-06
8.024e-05
1.05493e-05
3.92235e-08
1.43186e-07
7.11879e-08
6.29038e-07
2.35098e-08
1.35195e-07
3.07017e-06
8.86515e-05
1.46792e-08
4.68339e-08
3.37753e-06
4.41196e-05
1.38e-05
1.4811e-05
1.05283e-07
4.00946e-07
9.10927e-06
0.000372243
1.69806e-08
1.85704e-07
3.22009e-06
4.13402e-10
5.59093e-10
3.1197e-06
1.6128e-06
2.25716e-09
9.41174e-07
1.08767e-07
5.08893e-06
1.68271e-05
9.55624e-08
7.79845e-08
1.23815e-07
1.86361e-09
9.02966e-06
1.43742e-05
6.08948e-09
2.32872e-09
1.46222e-09
0.000540402
6.53871e-07
2.14472e-09
1.77046e-09
1.77389e-07
2.74598e-09
2.29121e-06
1.66793e-08
0.000115331
1.91789e-08
4.06441e-08
3.32647e-08
1.38922e-08
7.30343e-09
3.14961e-06
1.35464e-09
6.54041e-10
4.82429e-06
4.67422e-06
5.68198e-08
8.17429e-08
1.54155e-09
8.95325e-11
0.000827752
2.50702e-08
1.4684e-08
7.90718e-10
1.27422e-05
3.17561e-07
1.45091e-08
2.45617e-09
3.4523e-08
8.76399e-09
8.31145e-09
1.07761e-07
4.11687e-12
0.000140455
8.27928e-10
3.44184e-10
4.29016e-08
2.57485e-09
3.77107e-08
3.51173e-05
4.36596e-08
6.79241e-07
8.89966e-07
2.75749e-07
9.69479e-09
8.69006e-10
7.62752e-09
4.15922e-08
1.93806e-06
4.70098e-09
1.05829e-07
2.98273e-09
2.81024e-09
3.70864e-06
3.72913e-08
0.000219217
4.42666e-10
1.24916e-07
5.45021e-06
8.04954e-10
3.72771e-08
6.06274e-07
2.2566e-07
4.16066e-05
8.45255e-08
0.000420594
4.8032e-06
3.96161e-10
1.0312e-06
1.31107e-08
6.02473e-09
3.01611e-10
4.43549e-10
1.0433e-09
1.3092e-08
1.64857e-08
4.86393e-09
1.03464e-09
3.43091e-09
0.000251008
2.84339e-09
2.11592e-05
7.31399e-10
2.5165e-08
3.84924e-07
6.41127e-09
0.000574749
0.000445967
1.17758e-06
3.07136e-09
2.03266e-08
1.37329e-07
3.76762e-09
1.68853e-09
3.87413e-08
2.09093e-09
5.10994e-07
8.16647e-07
2.11942e-05
1.71549e-06
1.12942e-08
2.05103e-07
2.21481e-08
2.89787e-08
2.69331e-07
2.57618e-07
2.48304e-07
7.79351e-07
4.56332e-08
1.47279e-07
2.87954e-10
3.41264e-09
5.23858e-06
2.83563e-05
3.90141e-08
8.94458e-08
5.73706e-08
2.51355e-07
7.56187e-09
8.20273e-06
5.40877e-07
3.29598e-09
4.39349e-09
1.26211e-08
5.17871e-08
1.9626e-09
5.70618e-07
1.44857e-08
6.0956e-08
9.12337e-09
1.70285e-08
3.61063e-11
4.48774e-08
2.28127e-08
8.96147e-11
3.03011e-08
1.25249e-06
2.89918e-07
2.34548e-05
3.91595e-09
1.22178e-07
3.90953e-07
4.78824e-06
0.00020429
9.55374e-11
8.96147e-11
2.44457e-09
4.99559e-09
4.98962e-10
1.1051e-09
1.43182e-09
2.14279e-10
1.94976e-08
2.52899e-08
1.4056e-07
8.10461e-06
1.0519e-08
1.21869e-08
4.41755e-06
3.35433e-08
2.22361e-08
3.85206e-07
7.64249e-05
4.79326e-07
7.43195e-07
1.18373e-08
2.38675e-10
5.38704e-08
6.84028e-09
6.58187e-09
1.776e-09
4.50509e-09
3.21393e-08
8.90455e-09
1.10591e-08
1.81553e-07
2.07438e-07
6.10925e-09
3.43461e-08
9.42439e-10
1.30692e-07
1.962e-09
1.75236e-10
1.63303e-08
1.2191e-09
8.96147e-11
1.38729e-10
1.72414e-10
1.40778e-09
3.96199e-07
3.90539e-06
1.20539e-09
3.36103e-09
4.12583e-07
5.38796e-10
1.22346e-09
2.93741e-09
8.10659e-10
3.90837e-10
8.93324e-09
3.67734e-08
2.076e-10
4.41728e-10
1.7707e-07
3.17064e-06
3.79191e-10
1.50772e-07
4.50927e-08
2.05247e-07
1.79802e-05
1.77099e-11
1.53116e-07
9.26436e-09
1.28547e-08
2.41667e-10
5.00932e-10
6.57203e-10
9.13161e-10
3.84519e-10
1.28106e-10
9.08668e-09
6.582e-11
1.19639e-10
9.91906e-10
1.33737e-10
5.56655e-11
5.0388e-10
9.35141e-10
1.92721e-09
7.65822e-10
5.36533e-10
2.66246e-10
3.20711e-11
5.14251e-11
1.70028e-10
1.08915e-09
3.50021e-10
7.69799e-11
5.11022e-10
1.02056e-10
1.389e-09
6.88211e-08
1.3166e-09
8.30857e-11
3.84444e-07
1.55538e-08
1.70192e-10
2.79274e-10
1.10289e-09
4.02165e-07
2.63209e-10
3.79288e-08
2.41178e-09
2.38686e-06
3.13589e-07
3.1008e-07
0.00047825
1.45346e-06
9.88642e-05
7.43095e-05
2.2784e-07
2.6331e-08
1.88457e-05
3.90676e-08
0.000120875
0.000146826
4.00215e-06
3.36895e-07
8.12751e-09
0.00136748
5.63675e-06
0.00275922
2.96685e-05
2.7314e-06
2.91576e-06
0.000267968
2.22256e-07
1.80897e-07
3.09573e-05
6.51519e-07
4.57656e-05
9.13631e-08
6.80943e-11
3.35574e-10
3.01528e-06
4.63154e-10
0.000280058
3.54312e-05
5.1308e-05
0.000299372
8.22567e-07
4.06513e-07
3.39219e-05
3.03943e-09
6.86603e-07
5.19567e-07
0.000567548
8.43026e-08
9.65016e-07
1.73658e-06
3.75973e-06
4.18899e-05
4.27048e-07
5.47593e-05
3.65071e-06
0.000274384
2.04308e-08
1.07523e-07
2.56044e-07
7.55204e-06
3.17978e-10
7.40295e-05
2.38184e-07
7.40661e-08
0.00119932
3.8817e-10
6.02572e-07
1.14007e-05
2.1322e-05
0.000297271
1.91387e-05
1.84984e-06
2.34614e-06
1.34113e-06
4.11433e-08
7.02939e-07
1.43823e-06
2.24053e-05
0.000301533
4.32463e-05
2.07487e-06
1.03685e-08
1.71866e-07
1.79986e-09
2.20518e-07
4.35369e-06
0.000225708
6.57525e-06
4.46445e-06
4.78131e-07
3.30899e-06
3.4547e-07
2.32693e-08
9.97298e-06
6.33176e-06
1.54347e-06
2.52793e-06
0.00100236
4.64794e-06
9.23463e-06
2.698e-07
0.000285541
1.9952e-09
7.57282e-08
5.04598e-07
7.20451e-07
6.40895e-09
5.82859e-08
1.58293e-06
1.11625e-05
5.5429e-08
1.70041e-08
1.19764e-10
0.000781052
9.52081e-05
4.34496e-07
5.16193e-07
4.05315e-08
0.000675707
2.47433e-08
0.000259362
5.09405e-08
1.12263e-05
1.37339e-10
1.61985e-08
4.42083e-07
1.48373e-06
2.37056e-08
1.86611e-08
1.95622e-05
7.15487e-07
9.42639e-06
1.23593e-06
9.84248e-09
4.97434e-08
4.88308e-08
4.28355e-06
9.45173e-06
0.000195549
2.93101e-08
2.26025e-07
1.38266e-06
2.05932e-05
3.83783e-07
7.48063e-09
8.58568e-06
0.00350939
8.76666e-08
4.52917e-06
7.85914e-08
2.71923e-09
8.79081e-06
0.000581408
0.000323681
4.53071e-06
6.37278e-06
1.49681e-06
1.48231e-09
7.71349e-08
8.25675e-07
3.92695e-09
4.37861e-07
9.99791e-07
1.67961e-05
1.23403e-08
9.46562e-07
7.33538e-08
9.37154e-06
1.01509e-05
0.000162448
6.00347e-06
1.41688e-08
5.50473e-07
1.63308e-07
0.000345958
4.8321e-06
1.0372e-06
6.62076e-08
4.76435e-05
9.04302e-06
5.88205e-07
3.33882e-09
3.50099e-06
1.94363e-06
6.69404e-07
4.5068e-08
6.98157e-08
3.00981e-06
1.91806e-07
5.49006e-09
2.45525e-07
3.87597e-06
6.34918e-10
9.13907e-06
1.16713e-08
9.31403e-08
4.58029e-05
4.76854e-07
5.62344e-06
9.32604e-07
8.06881e-07
7.28065e-09
1.58261e-08
3.25536e-08
1.99727e-08
7.66009e-10
3.94668e-10
0.00022308
2.94572e-05
1.40306e-06
8.11277e-07
6.06638e-07
2.18228e-07
1.25442e-10
1.85444e-07
1.66468e-08
1.94398e-08
1.77133e-06
8.08119e-05
3.23634e-05
2.6796e-07
0.000104376
3.28647e-06
3.73982e-10
6.72972e-08
1.40376e-08
6.68071e-06
1.75577e-10
3.48205e-09
3.74121e-10
9.04833e-07
2.24188e-05
2.7943e-09
3.97146e-10
8.61511e-06
0.000130467
5.49138e-06
6.01884e-08
3.78005e-07
4.81825e-06
6.71249e-10
1.36031e-05
1.55327e-06
3.27315e-08
0.000108446
4.86478e-07
8.59052e-11
1.0286e-10
8.63391e-11
7.86746e-05
1.38559e-07
2.84901e-10
0.00014435
1.88919e-08
1.50883e-07
2.76348e-09
1.4326e-05
9.81915e-05
4.36302e-06
2.44897e-08
2.97646e-08
1.81033e-07
1.92265e-10
4.29673e-05
9.08999e-10
3.80222e-08
0.0010715
1.02391e-09
0.00107973
1.59127e-07
3.55012e-08
3.74838e-07
8.29272e-07
2.20203e-10
5.43829e-10
0.00018366
2.0376e-09
2.24967e-09
5.86662e-10
0.000958338
2.13201e-07
3.0661e-10
1.10551e-08
7.26567e-06
1.81584e-10
7.52257e-10
1.26224e-08
1.87862e-07
4.495e-10
5.05303e-09
8.96147e-11
1.1912e-09
2.66981e-07
8.96147e-11
8.96147e-11
2.07541e-08
8.296e-09
8.96147e-11
8.96147e-11
1.29361e-10
8.00132e-08
9.16389e-11
2.4917e-09
7.94223e-10
1.34849e-09
3.17417e-09
1.00737e-08
3.49841e-10
1.85538e-10
8.96147e-11
8.96147e-11
8.96147e-11
2.76418e-09
1.47465e-10
8.96147e-11
8.96147e-11
8.96147e-11
5.89476e-10
0.000218374
5.38868e-10
2.02677e-10
1.63746e-07
1.96715e-08
5.40849e-08
2.12026e-07
0.000984094
8.96147e-11
1.73776e-10
6.38371e-10
8.74013e-11
8.96147e-11
8.96147e-11
8.96147e-11
1.56736e-06
1.71931e-10
8.96147e-11
8.96147e-11
8.96147e-11
5.62744e-06
3.37174e-08
2.2803e-10
2.89291e-07
3.37644e-10
4.04576e-10
1.44817e-09
3.0661e-10
2.03109e-09
1.05729e-07
8.96147e-11
8.96147e-11
6.97114e-10
1.38323e-08
8.96147e-11
8.96147e-11
8.96147e-11
8.96147e-11
8.96147e-11
8.96147e-11
8.96147e-11
8.96147e-11
1.26417e-07
1.32567e-09
9.92001e-07
2.14975e-10
1.47465e-10
8.96147e-11
8.96147e-11
2.83173e-10
1.42299e-10
8.96147e-11
4.84793e-10
1.50965e-07
1.54188e-08
2.4925e-08
1.99811e-09
6.6721e-11
3.66282e-10
6.40668e-08
1.1865e-08
1.15999e-08
7.86657e-09
2.07139e-10
4.10786e-10
3.14238e-10
2.73977e-09
6.19311e-06
7.0733e-11
7.96633e-08
4.54666e-10
9.93541e-10
2.99986e-09
7.44407e-08
8.96147e-11
6.36403e-08
5.89337e-09
1.45092e-09
3.28837e-10
4.633e-08
2.13068e-09
1.54651e-07
2.80789e-10
5.91505e-10
5.8641e-10
4.08868e-10
4.44272e-07
2.80531e-08
9.66087e-08
1.18168e-08
6.12397e-07
5.33004e-09
1.76325e-08
2.57603e-10
6.70912e-11
1.52192e-09
2.31906e-09
2.03764e-08
7.7836e-09
1.42164e-10
9.93837e-08
1.64668e-08
1.25533e-07
1.20818e-07
3.85039e-10
1.04638e-10
5.78578e-10
4.02061e-09
1.96491e-06
1.43553e-08
1.42517e-08
5.58378e-07
5.30129e-07
2.48533e-05
4.49999e-09
3.16886e-10
6.09469e-09
4.10489e-08
1.50693e-07
2.97538e-11
4.97217e-10
1.371e-06
2.86569e-09
2.58141e-07
1.01842e-06
2.43867e-10
2.3479e-10
4.81956e-11
1.71404e-07
6.23258e-08
3.75291e-09
5.25277e-09
1.15355e-06
3.26554e-10
1.38211e-06
2.21419e-05
2.01571e-07
