1 -508.5 4 2 14 17 20 0.17848 1.52668
1 -49.5 4 0 14 3 20 0.270485 0.992165
-1 5.5 1 8 14 12 20 0.299946 0.847556
-1 56.5 4 0 11 3 20 0.305633 0.820614
-1 4.5 5 16 14 20 20 0.317802 0.763893
1 -11.5 1 0 8 1 20 0.34426 0.644365
1 -7.5 1 9 2 12 8 0.359873 0.575915
-1 143.5 1 9 2 20 8 0.357459 0.586408
-1 3.5 2 0 2 1 5 0.324759 0.731988
1 -15.5 1 0 2 1 8 0.34678 0.633224
1 -46.5 4 1 8 4 20 0.369252 0.535426
-1 -12.5 2 8 11 9 20 0.352696 0.607211
1 -33.5 1 15 2 19 8 0.372427 0.521818
1 -7.5 5 5 17 7 19 0.371116 0.527431
-1 -1133.5 1 1 10 16 18 0.371031 0.527795
1 -11.5 5 0 2 8 16 0.376281 0.505365
1 -5.5 5 6 8 8 16 0.389528 0.449295
-1 52.5 1 17 2 20 8 0.387009 0.459904
1 6.5 4 10 2 13 5 0.368327 0.5394
1 -4.5 1 1 5 2 11 0.390871 0.443654
-1 12.5 2 0 11 6 20 0.400155 0.40482
-1 -510.5 4 2 14 17 20 0.394426 0.428744
-1 12.5 5 12 17 16 19 0.389889 0.447779
-1 76.5 4 1 11 4 20 0.385214 0.467477
1 -3.5 5 6 17 8 19 0.387681 0.45707
1 -1.5 1 19 2 20 8 0.392455 0.437006
1 -138.5 4 1 2 4 20 0.398041 0.413633
-1 1.5 2 0 2 1 5 0.377994 0.498071
-1 6.5 5 4 16 6 18 0.398878 0.410144
1 -24.5 1 0 5 6 19 0.400708 0.402517
-1 -29.5 4 12 2 15 17 0.379381 0.492177
1 -13.5 4 8 8 11 20 0.401101 0.400882
-1 141.5 1 4 2 17 8 0.391971 0.439035
-1 -93.5 4 13 2 19 14 0.378071 0.497745
-1 1.5 3 18 8 20 14 0.387187 0.459152
1 -20.5 5 4 13 6 15 0.391777 0.43985
1 21.5 4 12 8 15 14 0.397966 0.413947
-1 3.5 5 16 14 18 20 0.398384 0.412203
-1 1.5 5 11 8 13 10 0.406485 0.378516
1 -2788.5 1 1 1 17 15 0.395186 0.425566
1 48.5 4 14 2 17 14 0.40886 0.368679
1 -12.5 5 1 2 3 8 0.400277 0.404312
1 -2.5 5 0 14 2 20 0.407442 0.37455
-1 -10.5 2 7 8 8 17 0.413302 0.350334
1 343.5 2 0 4 3 19 0.392999 0.434723
1 -5.5 1 0 5 1 17 0.406823 0.377115
1 -8.5 4 0 2 3 5 0.404682 0.385993
1 24.5 4 7 2 13 5 0.408793 0.368955
1 -40.5 4 2 8 5 17 0.397096 0.41758
-1 67.5 4 2 8 5 20 0.403911 0.389194
-1 -31.5 4 15 5 18 17 0.394699 0.427601
1 -507.5 2 18 0 20 6 0.404365 0.387308
-1 -188.5 5 1 16 19 18 0.380598 0.487011
-1 28.5 4 0 8 3 14 0.41102 0.359751
1 143.5 5 1 16 19 18 0.397438 0.416152
1 -10.5 1 19 5 20 17 0.409245 0.367087
1 -5.5 2 10 8 12 17 0.412579 0.353315
-1 12.5 1 7 2 18 20 0.409592 0.365651
1 -14.5 5 0 14 2 16 0.405657 0.381949
1 -6.5 5 6 11 8 19 0.397055 0.41775
-1 -885.5 4 2 11 17 20 0.404068 0.388542
-1 1.5 5 4 11 12 17 0.411114 0.359364
-1 -2.5 3 12 5 14 14 0.407717 0.37341
1 -1879.5 3 5 5 13 20 0.394843 0.427002
1 20.5 4 4 2 7 5 0.397434 0.41617
-1 434.5 4 0 5 9 11 0.403482 0.390976
1 10.5 2 7 8 10 17 0.407183 0.375625
1 -91.5 4 3 5 6 17 0.409216 0.367209
1 8.5 4 12 2 15 5 0.397451 0.416095
1 -4.5 5 14 14 16 20 0.404976 0.384775
-1 7.5 5 4 2 8 8 0.419694 0.324028
1 51.5 1 7 14 11 20 0.417632 0.332501
1 -425.5 5 3 8 11 20 0.405777 0.381451
-1 -20.5 4 14 5 17 8 0.402497 0.39507
1 -7.5 5 1 14 3 20 0.406665 0.377769
1 -1.5 4 6 2 12 5 0.417262 0.334022
-1 -285.5 2 0 11 5 17 0.406582 0.378114
1 -5.5 4 0 11 3 17 0.414326 0.346112
1 -23.5 5 9 2 13 20 0.407551 0.374099
-1 6.5 5 4 5 14 11 0.415388 0.341734
1 -7.5 4 16 14 19 20 0.4155 0.341274
1 -1.5 5 10 11 18 17 0.420506 0.320696
-1 24.5 5 7 8 19 10 0.416445 0.337386
1 -315.5 4 1 11 4 20 0.400763 0.402286
1 11.5 4 9 2 12 8 0.397078 0.417656
1 -8.5 4 15 17 18 20 0.411924 0.356017
1 243.5 5 1 16 11 18 0.404851 0.385293
1 -102.5 5 1 2 15 4 0.413487 0.349569
1 -6.5 1 13 2 15 8 0.412075 0.355394
1 -11.5 5 0 5 2 17 0.415917 0.339559
-1 -10.5 4 13 2 16 8 0.415504 0.341258
-1 83.5 1 8 2 18 8 0.399156 0.408984
1 38.5 4 13 2 16 14 0.400921 0.401631
1 -153.5 1 2 2 19 8 0.412867 0.352125
-1 37.5 2 0 2 1 5 0.418013 0.330937
1 214.5 2 0 4 2 10 0.405235 0.383699
-1 52.5 2 19 6 20 18 0.402884 0.393464
-1 149.5 4 2 8 5 17 0.407412 0.374673
-1 56.5 5 7 14 19 16 0.402292 0.395925
1 -50.5 4 2 2 5 20 0.417648 0.332435
-1 -4.5 2 0 11 1 20 0.413336 0.350193
1 -10.5 5 0 2 2 8 0.423289 0.309284
1 34.5 2 0 11 2 20 0.416854 0.3357
-1 360.5 1 7 2 20 8 0.408238 0.371255
1 20.5 4 14 2 17 8 0.405537 0.382446
-1 65.5 4 2 11 5 20 0.421163 0.318
-1 -2516.5 2 0 4 12 7 0.420832 0.319357
1 -52.5 2 13 0 14 6 0.4192 0.32606
1 -2062.5 4 3 2 15 14 0.409458 0.366208
-1 -3.5 3 13 8 15 14 0.4091 0.367685
-1 42.5 4 1 8 4 17 0.422855 0.311064
1 -19.5 3 1 5 3 17 0.420458 0.320892
-1 -246.5 5 4 10 20 18 0.406477 0.378548
1 -6.5 5 10 4 12 12 0.41399 0.347496
1 -0.5 5 8 11 16 17 0.406867 0.376933
1 -4.5 1 1 2 2 8 0.420764 0.319637
-1 -5.5 5 10 5 12 13 0.422076 0.314256
-1 325.5 4 2 5 14 8 0.411127 0.359307
-1 -28.5 2 7 8 9 17 0.410395 0.362332
1 -110.5 4 4 5 10 20 0.422481 0.312598
-1 2.5 5 7 5 11 11 0.418169 0.330296
-1 -647.5 2 0 3 11 9 0.422149 0.313958
1 9.5 2 6 8 11 17 0.414926 0.343637
-1 199.5 2 0 2 2 5 0.416252 0.338177
1 -9.5 4 7 2 10 20 0.422256 0.313518
1 -1.5 5 8 14 10 20 0.423766 0.307331
1 189.5 5 7 11 19 19 0.424252 0.305341
1 -79.5 5 9 1 19 3 0.411405 0.35816
-1 30.5 1 14 2 18 8 0.423546 0.308234
-1 -6.5 4 14 2 17 5 0.417408 0.333423
1 -29.5 2 2 2 20 11 0.418356 0.329524
1 127.5 1 6 5 7 13 0.415982 0.33929
-1 57.5 4 0 2 3 17 0.412745 0.352629
-1 -14.5 4 12 2 15 8 0.417383 0.333526
1 -87.5 4 0 8 3 14 0.403037 0.392826
1 -2.5 1 0 14 1 20 0.419227 0.325947
1 -102.5 2 4 12 6 18 0.422617 0.312041
1 -3.5 5 12 7 14 15 0.425574 0.299933
1 -29.5 5 2 10 4 18 0.421221 0.317763
1 -75.5 5 0 17 8 19 0.417723 0.332129
-1 -281.5 5 6 16 20 18 0.41474 0.344405
1 -11.5 5 3 2 7 16 0.417402 0.333447
1 -16.5 5 14 2 16 20 0.419358 0.32541
-1 19.5 5 4 7 8 15 0.422037 0.314419
-1 41.5 3 4 8 6 17 0.403579 0.390573
-1 -26.5 4 15 2 18 11 0.406279 0.379371
-1 -158.5 2 9 3 11 9 0.417843 0.331633
1 -16.5 5 12 4 20 6 0.419683 0.324073
-1 17.5 4 3 11 6 14 0.42393 0.306661
1 32.5 4 15 2 18 11 0.420728 0.319785
1 -70.5 5 3 11 5 19 0.412632 0.353097
-1 -7.5 5 8 17 14 19 0.412119 0.355214
-1 -525.5 4 2 14 17 20 0.418681 0.328191
-1 -23.5 5 9 2 13 10 0.423123 0.309968
-1 17.5 5 15 2 19 8 0.418402 0.329338
-1 11.5 1 6 8 18 20 0.425503 0.300223
1 -28.5 1 8 2 16 8 0.424426 0.30463
-1 -232.5 2 6 0 8 15 0.427199 0.293288
-1 11.5 1 1 11 8 17 0.421126 0.318154
1 -7.5 1 1 5 3 17 0.417396 0.333473
-1 26.5 2 3 8 19 17 0.424169 0.305681
1 -34.5 5 4 8 8 10 0.41931 0.325605
1 37.5 5 6 14 16 20 0.424264 0.305294
1 -28.5 4 3 2 6 17 0.411998 0.355712
-1 -5.5 4 13 5 16 17 0.42715 0.29349
-1 7.5 5 18 2 20 8 0.426935 0.294368
1 46.5 1 9 11 12 17 0.423259 0.309411
1 -170.5 5 14 10 18 18 0.414446 0.345616
-1 -14.5 4 14 5 17 8 0.409921 0.36429
1 -69.5 5 2 2 12 8 0.418988 0.326927
1 7.5 2 8 8 10 17 0.418643 0.328345
1 -12.5 4 0 8 3 11 0.421255 0.317623
-1 35.5 4 0 5 3 14 0.42088 0.31916
-1 -108.5 4 17 2 20 17 0.408708 0.369308
-1 262.5 3 10 2 20 8 0.420143 0.322188
-1 -2.5 4 11 5 14 14 0.427587 0.291704
-1 45.5 2 14 2 16 17 0.42561 0.299787
1 -37.5 5 1 17 13 19 0.413108 0.351132
-1 30.5 3 3 11 5 20 0.422163 0.313901
-1 -26.5 4 15 2 18 14 0.425797 0.29902
1 -22.5 5 14 17 20 19 0.420174 0.322061
-1 11.5 3 16 14 18 20 0.422909 0.310843
-1 4.5 1 6 14 9 20 0.424321 0.30506
1 -1.5 1 0 5 1 11 0.426802 0.294911
1 5.5 4 16 8 19 14 0.425765 0.299153
1 -12.5 5 0 14 2 16 0.421339 0.317279
-1 -9.5 5 2 11 8 17 0.415238 0.342351
1 -100.5 2 10 2 13 20 0.426426 0.296447
-1 -13.5 2 7 11 8 20 0.413313 0.350285
1 -2988.5 4 2 2 14 17 0.406997 0.376396
1 22.5 4 4 2 7 5 0.409962 0.364124
1 -10.5 5 0 2 2 8 0.420492 0.320754
1 0.5 4 6 2 9 14 0.415665 0.340593
1 -4.5 5 8 14 10 16 0.428963 0.286083
1 -3.5 4 7 17 10 20 0.432384 0.272129
1 -752.5 2 17 0 20 6 0.425125 0.301768
-1 -22.5 5 11 2 13 10 0.40807 0.371948
-1 62.5 1 19 8 20 20 0.423952 0.306572
1 44.5 4 17 5 20 17 0.415449 0.341484
-1 65.5 4 2 11 5 17 0.423725 0.307499
1 492.5 2 7 13 9 19 0.427459 0.292226
-1 71.5 2 16 0 17 12 0.424377 0.30483
-1 9.5 5 2 4 4 18 0.425522 0.300143
1 -45.5 5 6 16 20 18 0.417483 0.333116
-1 73.5 5 16 5 20 17 0.424718 0.303435
-1 -119.5 4 14 2 20 11 0.419489 0.324873
-1 175.5 4 0 2 3 20 0.421421 0.316941
1 -1.5 5 6 2 8 4 0.421931 0.314852
-1 -16.5 4 6 2 9 5 0.421189 0.317894
-1 39.5 2 17 2 18 20 0.411443 0.358003
-1 -143.5 5 1 2 19 16 0.422753 0.311482
1 -9.5 1 6 2 10 8 0.426068 0.29791
-1 57.5 5 0 2 20 8 0.426792 0.294954
1 46.5 5 10 14 20 20 0.418297 0.32977
-1 23.5 5 14 14 18 20 0.424559 0.304085
1 -50.5 2 13 0 14 6 0.420664 0.320047
-1 -590.5 1 11 1 20 9 0.415006 0.34331
1 -2.5 5 1 2 11 4 0.427394 0.292493
1 -845.5 4 6 5 18 14 0.421665 0.315943
-1 -15.5 4 12 2 15 14 0.413272 0.350454
1 -23.5 2 15 5 19 14 0.425522 0.300145
-1 -13.5 5 5 11 9 17 0.431418 0.276068
1 -101.5 4 1 11 4 17 0.421857 0.315157
1 21.5 5 5 8 9 14 0.414228 0.346513
1 236.5 2 0 11 4 14 0.424337 0.304996
1 -21.5 4 0 14 3 20 0.423028 0.310356
-1 43.5 5 4 5 10 17 0.423498 0.308431
1 213.5 2 8 6 9 18 0.424536 0.304181
1 -45.5 1 3 2 4 20 0.415447 0.341492
1 -140.5 2 5 10 6 13 0.420933 0.318946
-1 19.5 4 2 8 8 11 0.427092 0.293725
-1 39.5 2 18 2 20 20 0.428315 0.288728
1 -1.5 5 0 8 2 14 0.429664 0.28322
-1 -428.5 4 5 11 14 20 0.431125 0.277261
1 -5.5 4 8 5 11 11 0.431281 0.276628
1 -6.5 4 16 14 19 20 0.430042 0.28168
1 -7.5 5 14 11 18 17 0.432726 0.270737
-1 -32.5 4 17 5 20 17 0.426206 0.297349
1 -1.5 4 17 17 20 20 0.428002 0.290006
1 -5.5 4 15 17 18 20 0.430167 0.281171
1 8.5 4 17 11 20 14 0.425154 0.301649
1 -383.5 5 3 11 9 13 0.424769 0.303226
-1 -13.5 2 7 8 8 17 0.417405 0.333437
1 -28.5 5 2 10 4 18 0.429405 0.28428
1 -1.5 2 9 8 10 17 0.425377 0.300739
1 1289.5 1 0 8 12 16 0.432693 0.270873
-1 60.5 3 10 2 20 8 0.425672 0.29953
1 -105.5 2 19 2 20 8 0.420137 0.322211
-1 0.5 5 16 14 18 20 0.427839 0.290674
-1 7.5 5 18 8 20 20 0.434143 0.264969
1 -20.5 2 0 1 1 4 0.431978 0.273785
1 -607.5 4 2 8 14 11 0.401474 0.399329
1 430.5 2 9 0 11 12 0.412999 0.35158
1 -23.5 1 2 2 5 8 0.427837 0.290682
-1 17.5 2 3 2 6 11 0.428453 0.288167
1 -60.5 5 2 17 12 19 0.421766 0.315527
-1 20.5 5 1 7 3 15 0.426573 0.295848
1 18.5 5 0 14 8 20 0.421011 0.318626
1 -15.5 5 1 10 3 18 0.430224 0.280936
1 -75.5 5 0 17 8 19 0.427776 0.290932
-1 -41.5 5 1 14 9 20 0.433122 0.269126
1 -401.5 4 1 5 4 20 0.422514 0.31246
1 26.5 5 0 2 4 10 0.414055 0.347226
1 -13.5 4 6 8 9 14 0.429749 0.282876
1 141.5 5 3 16 9 18 0.420242 0.321779
1 -1060.5 4 5 5 17 11 0.426796 0.294936
1 -43.5 2 19 14 20 20 0.413869 0.347993
-1 63.5 4 0 2 6 11 0.427224 0.293187
1 -10.5 5 11 4 15 12 0.429399 0.284303
1 -95.5 4 2 14 5 20 0.421453 0.316813
-1 -52.5 5 4 11 14 17 0.416839 0.335763
1 -16.5 4 11 17 17 20 0.427436 0.29232
1 10.5 5 8 11 16 17 0.427818 0.290759
1 -100.5 4 3 5 6 17 0.428882 0.286413
1 2.5 5 5 8 9 16 0.414308 0.346185
1 -14.5 5 0 11 2 13 0.427004 0.294087
-1 0.5 3 12 5 14 11 0.422129 0.314041
-1 -870.5 1 3 4 16 18 0.41972 0.323922
1 -2.5 1 0 8 1 14 0.426209 0.297336
-1 -0.5 1 0 2 1 16 0.428135 0.289466
1 -7.5 2 11 11 13 20 0.429525 0.283788
1 -18.5 5 13 1 19 3 0.432109 0.27325
1 -115.5 5 14 2 20 20 0.429615 0.283421
-1 3.5 5 5 10 7 18 0.423644 0.307834
-1 50.5 5 14 2 20 14 0.433983 0.26562
1 28.5 1 3 5 10 11 0.431021 0.277686
1 -22.5 2 1 2 7 11 0.427494 0.292082
-1 20.5 2 0 2 6 11 0.429588 0.283534
-1 -8.5 4 13 2 16 8 0.421865 0.31512
1 -3.5 1 19 14 20 20 0.422397 0.31294
-1 223.5 1 0 2 8 20 0.433038 0.269468
-1 -32.5 2 5 5 8 14 0.428442 0.28821
1 22.5 2 3 7 4 13 0.413225 0.350648
-1 -254.5 4 14 8 20 17 0.407276 0.375236
1 118.5 1 0 2 7 10 0.419645 0.324229
1 7.5 5 11 5 13 11 0.420641 0.320144
1 -240.5 2 11 2 16 20 0.425031 0.302154
1 40.5 5 10 14 20 20 0.423535 0.308278
1 -7.5 4 14 17 20 20 0.427807 0.290806
-1 -8.5 4 5 2 8 5 0.424153 0.305749
